density | total sulfur dioxide
1.001 | 170
0.994 | 132
0.9951 | 97
0.9956 | 186
0.9956 | 186
0.9951 | 97
0.9949 | 136
1.001 | 170
0.994 | 132
0.9938 | 129
0.9908 | 63
0.9947 | 109
0.992 | 75
0.9912 | 143
1.0002 | 172
0.9914 | 112
0.9928 | 99
0.9892 | 75
0.9917 | 171
0.9955 | 133
0.9892 | 75
0.9912 | 102
0.993 | 122
0.9937 | 168
0.9951 | 142
0.9955 | 245
0.993 | 146
0.9961 | 141
0.9914 | 132
0.9906 | 114
0.9974 | 142
0.9934 | 47
0.992 | 100
0.9939 | 117
0.9962 | 179
0.9905 | 123
0.9934 | 149
0.9906 | 138
0.9999 | 149
0.9999 | 149
0.9937 | 158
0.9937 | 157
0.9954 | 160
0.9934 | 152
0.9934 | 154
0.9931 | 167
0.994 | 206
0.9939 | 207
0.9954 | 160
0.995 | 150
0.9917 | 173
0.9914 | 124
0.991 | 82
0.9911 | 108
0.993 | 132
0.9908 | 191
0.9962 | 213
0.9972 | 147
0.9931 | 78
0.9926 | 111
0.9951 | 123
0.9972 | 147
0.991 | 151
0.9931 | 78
0.9927 | 122
0.9934 | 120
0.9903 | 124
0.992 | 174
0.9926 | 96
0.9962 | 105
0.9956 | 244
0.9958 | 238.5
0.9964 | 201
0.9941 | 72
0.9926 | 96
0.9962 | 105
0.9898 | 87
0.9912 | 69
0.9961 | 103
0.9949 | 105
0.9929 | 114
0.9985 | 166
0.9946 | 164
0.9966 | 207
0.9974 | 155
0.9975 | 152
0.9974 | 156
0.9972 | 202
0.9974 | 155
0.9975 | 152
0.9974 | 156
0.9957 | 243
0.99 | 136
0.9899 | 136
0.9916 | 148
0.9969 | 240
0.9979 | 164
0.9913 | 80
0.9956 | 83
0.9979 | 164
0.9975 | 192
0.9962 | 162
0.997 | 164
1 | 170
0.9975 | 192
0.9974 | 109
0.9962 | 162
0.999 | 171
0.999 | 171
0.9927 | 187
0.9959 | 163
1 | 255
0.9982 | 195
0.9968 | 150
0.9968 | 150
0.994 | 103
0.9914 | 143
0.9911 | 85
0.9982 | 195
0.9982 | 196
0.9934 | 87
0.9984 | 138
0.9952 | 131
0.9952 | 146
0.9928 | 158
0.9912 | 143
0.994 | 126
0.9958 | 203
0.9924 | 179
0.9924 | 184
0.994 | 57
0.9958 | 203
0.9979 | 241
0.9982 | 188
0.9961 | 203
0.9979 | 179
0.992 | 121
0.9975 | 155
0.9917 | 96
0.9923 | 79
0.9927 | 77
0.9975 | 155
0.992 | 107
0.9947 | 99
0.9921 | 87
0.9905 | 114
0.9918 | 168
0.9951 | 97
0.9917 | 80
0.994 | 116
0.9934 | 152
0.9968 | 135
0.994 | 116
0.9919 | 97
0.9966 | 76
0.9979 | 198
0.9979 | 198
0.9898 | 124
0.9894 | 119
0.9894 | 119
0.9898 | 124
0.998 | 159
0.9932 | 85
0.9979 | 198
0.997 | 205
0.9972 | 177
0.9974 | 197
0.9896 | 98
0.9968 | 151
0.9958 | 110
0.9906 | 133
0.9917 | 96
0.9902 | 100
0.9918 | 130
0.999 | 173
0.9927 | 151
0.991 | 65
0.9972 | 170
0.9931 | 108
0.995 | 176
0.9951 | 173
0.9936 | 183
1.001 | 167
0.9979 | 227
0.997 | 226
0.9972 | 230
0.9954 | 166
0.9924 | 119
0.9906 | 109
0.9962 | 210
0.9962 | 211
1.001 | 167
0.9928 | 123
0.9942 | 125
0.9942 | 181
0.9942 | 180
0.9942 | 183
0.9961 | 214
0.998 | 204
0.9961 | 214
0.9984 | 196
0.998 | 204
0.9973 | 236
0.9949 | 134
0.9924 | 114
0.9972 | 153
0.9958 | 126
0.9968 | 124
0.9938 | 77
0.993 | 170
0.994 | 68
0.9918 | 111
0.9958 | 126
0.9944 | 122
0.9912 | 105
0.9961 | 152
0.9939 | 164
0.9961 | 152
0.9989 | 167
0.9938 | 161
0.9939 | 164
0.9971 | 172
0.9912 | 105
0.9936 | 144
0.9929 | 140
0.9998 | 145
0.9938 | 200
0.9969 | 272
0.9938 | 200
0.9998 | 145
0.9972 | 142
0.9976 | 194
0.9976 | 208
0.9979 | 194
0.9979 | 194
0.9979 | 194
0.9979 | 194
0.9972 | 221
0.9918 | 120
0.9982 | 159
0.9985 | 197
0.9944 | 90
0.9903 | 100
0.9934 | 218.5
0.9975 | 142
0.9923 | 249.5
0.99 | 139
0.9905 | 77
0.9905 | 76
0.996 | 119
0.9964 | 199
0.998 | 197
0.9975 | 142
0.9913 | 109
0.9932 | 158
0.9935 | 147
0.9927 | 97
0.9927 | 97
0.9912 | 118
0.9904 | 75
0.9939 | 108
0.9996 | 156
0.9944 | 95
0.9977 | 231
0.9912 | 167
0.9996 | 156
0.9965 | 180
0.9944 | 149
0.9945 | 145
0.9944 | 147
0.9965 | 180
0.9944 | 147
0.9972 | 148
0.9949 | 123
0.9966 | 234
0.9954 | 169
0.9954 | 166
0.9915 | 60
0.9919 | 67
0.9916 | 105
0.99 | 112
0.9909 | 114
0.9938 | 201
0.9982 | 196
0.9988 | 198
0.9961 | 180
0.9978 | 190
0.9979 | 192
0.9979 | 192
0.9979 | 192
0.9979 | 192
0.9945 | 155
1 | 195
0.9957 | 157
0.9968 | 182
0.9934 | 175
0.9976 | 169
0.9932 | 187
0.997 | 146
0.9923 | 122
0.9914 | 87
0.992 | 74
0.9914 | 87
0.9914 | 168
0.9949 | 163
0.9949 | 163
0.995 | 163
0.995 | 166
0.9927 | 134
0.9928 | 148
0.9917 | 100
0.9918 | 164
0.9954 | 149
0.9941 | 166
0.9941 | 167
0.9934 | 127
0.9927 | 134
0.9938 | 135
0.9933 | 133
0.9934 | 69
0.9927 | 65
0.9938 | 135
0.9927 | 134
0.9946 | 137
0.993 | 207
0.9946 | 313
0.9976 | 216
0.9944 | 143
0.9978 | 195
0.992 | 85
0.9912 | 101
0.9927 | 135
0.9906 | 91
0.9954 | 133
0.9923 | 80
0.9906 | 91
0.991 | 105
0.9972 | 170
0.9945 | 139
0.9934 | 141
0.9964 | 153
0.9948 | 129
0.9962 | 140
0.9931 | 144
0.993 | 145
0.9942 | 131
0.9906 | 68
0.9995 | 155
0.998 | 118
0.997 | 137
0.9914 | 146
0.992 | 138
0.9924 | 128
0.992 | 138
0.9937 | 245
0.9978 | 191
0.9978 | 191
0.9927 | 169
0.994 | 152
0.9935 | 161
0.9968 | 162
0.9941 | 84
0.9942 | 127
0.9978 | 191
0.9923 | 102
0.9912 | 113
0.9923 | 143
0.9927 | 148
0.9931 | 178
0.9941 | 72
0.9927 | 148
0.9931 | 178
0.9934 | 204
0.9936 | 149
0.9893 | 89
0.9893 | 89
0.9919 | 119
0.9924 | 98
0.9927 | 155
0.9919 | 119
0.9924 | 98
0.9975 | 179
0.9969 | 157
0.9936 | 149
0.991 | 125
0.9893 | 89
0.9906 | 115
0.9941 | 260
0.995 | 140
0.9983 | 181
0.9983 | 181
0.9916 | 66
0.9957 | 125
0.99 | 69
0.9976 | 163
0.992 | 168
0.9917 | 93
0.9917 | 107
0.9993 | 168
0.9908 | 83
0.9917 | 107
0.9976 | 163
0.9934 | 108
1 | 252
0.9918 | 170
0.992 | 168
0.9896 | 99
0.9932 | 125
0.992 | 116
0.9917 | 93
0.9999 | 155
0.998 | 140
0.9918 | 85
0.9918 | 85
0.9999 | 155
0.998 | 140
0.9927 | 99
0.9959 | 210
0.9927 | 99
0.9929 | 137
0.9898 | 136
0.9954 | 222
0.9954 | 221
0.9954 | 221
0.9954 | 162
0.9954 | 222
0.9954 | 221
0.9974 | 194
0.9936 | 89
0.9978 | 197
0.9974 | 194
0.9927 | 84
0.9934 | 214
0.9938 | 151
0.9922 | 104
0.992 | 97
0.9935 | 218.5
0.9906 | 186
0.9934 | 214
0.9934 | 108
0.9913 | 102
0.9938 | 137
0.9898 | 126
0.9975 | 245
0.9975 | 139
0.9937 | 66
0.9914 | 156
0.9982 | 113
0.9982 | 113
0.9929 | 127
0.9971 | 174
0.9921 | 128
0.9931 | 160
0.9924 | 113
0.9929 | 127
0.9982 | 113
0.9892 | 82
0.9956 | 111
0.9924 | 218.5
0.9971 | 249
0.9956 | 111
0.9982 | 171
0.9973 | 162
0.9932 | 68
0.9976 | 178
0.9962 | 126
0.9956 | 141
0.9932 | 68
0.9976 | 178
0.9992 | 182
0.9983 | 158
0.9937 | 200
0.99 | 86
0.9944 | 132
0.9938 | 102
0.9965 | 227
0.9893 | 105
0.9927 | 115
0.994 | 165
0.9928 | 164
0.9964 | 172
0.9917 | 104
0.9972 | 137
0.9964 | 172
0.9954 | 200
0.993 | 117
0.9928 | 117
0.9916 | 90
0.9936 | 180
0.9962 | 177
0.9899 | 70
0.9898 | 65
0.996 | 182
0.9907 | 158
0.994 | 103
0.9913 | 173
0.9976 | 189
0.9904 | 147
0.992 | 174
0.9976 | 189
0.999 | 200
0.9975 | 164
0.9937 | 210
0.9937 | 210
0.998 | 140
0.998 | 140
0.9944 | 135
0.9938 | 170
0.9907 | 152
0.9938 | 170
0.9921 | 138
0.9908 | 167
0.9931 | 141
0.9915 | 55
0.9952 | 115
0.9926 | 167
0.9934 | 154
0.992 | 154
0.9918 | 78
0.9942 | 41
0.9942 | 143
0.9942 | 143
0.9901 | 101
0.9898 | 96
0.9902 | 72
0.9934 | 140
0.9906 | 29
0.9898 | 116
0.9896 | 104
0.9922 | 112
0.9947 | 103
0.9945 | 150
0.9976 | 178
0.9976 | 178
0.9976 | 178
0.9987 | 171
0.9987 | 171
0.9976 | 178
0.992 | 61
0.9955 | 211
0.9953 | 175
0.9976 | 192
0.992 | 167
0.9952 | 148
0.9983 | 162
0.9933 | 149
0.9958 | 172
0.9922 | 87
0.9928 | 127
0.9976 | 192
0.9976 | 168
0.9916 | 93
0.9901 | 118
0.9976 | 168
0.9901 | 118
0.9916 | 93
0.9982 | 160
0.993 | 137
0.9969 | 165
0.991 | 144
0.9953 | 150
0.9924 | 128
0.9969 | 184
0.9928 | 135
0.9945 | 165
0.9967 | 99
0.9944 | 37
0.9928 | 153
0.9929 | 154
0.9948 | 179
0.9976 | 194
0.9912 | 107
0.9987 | 181
0.99 | 151
0.991 | 138
0.9933 | 185
0.9933 | 187
0.9899 | 153
0.9912 | 107
0.9912 | 134
0.9976 | 194
0.994 | 111
0.9947 | 168
0.9954 | 81
0.993 | 134
0.9954 | 81
0.9963 | 157
0.992 | 136
0.9926 | 121
0.995 | 136
0.9983 | 148
0.992 | 119
0.9968 | 152
0.9905 | 131
0.9904 | 131
0.9926 | 140
0.9968 | 152
0.9928 | 127
0.9949 | 115
0.9909 | 55
0.9937 | 160
0.9914 | 106
0.9905 | 131
0.9904 | 131
0.9924 | 134
0.9924 | 134
0.9965 | 158
0.9965 | 158
0.9993 | 161
0.9965 | 94
0.9908 | 119
0.992 | 95
0.9978 | 133
0.9978 | 133
0.9978 | 133
0.9978 | 133
0.9912 | 101
0.9928 | 195
0.9928 | 190
0.993 | 135
0.9993 | 222
0.9965 | 171
0.9937 | 141
0.9913 | 64
0.9934 | 128
0.9952 | 130
0.9983 | 177
0.9957 | 228
0.9957 | 228
0.9916 | 99
0.9999 | 144
0.9999 | 144
0.9936 | 131
0.9972 | 187
0.9933 | 150
0.9934 | 140
0.9931 | 133
0.9976 | 148
0.9937 | 198
0.9937 | 197
0.991 | 127
0.9979 | 189
0.9971 | 179
0.9969 | 163
0.9968 | 166
0.9961 | 166
0.993 | 151
0.9973 | 146
0.9944 | 190
0.9986 | 189
0.9986 | 189
0.9986 | 189
0.9986 | 189
0.9972 | 134
0.9917 | 138
0.992 | 117
0.9932 | 95
0.9936 | 136
0.9915 | 188
0.9922 | 234.5
0.9934 | 86
0.9952 | 133
0.9972 | 188
0.9934 | 86
0.9958 | 182
0.9944 | 130
0.9908 | 195
0.9958 | 182
0.9925 | 173
0.9966 | 211
0.9972 | 199
0.9912 | 101
0.995 | 150
0.9928 | 130
0.9968 | 206
0.9955 | 201
0.9981 | 224
0.991 | 94
0.991 | 94
0.991 | 94
0.992 | 159
0.9931 | 171
0.997 | 165
0.9948 | 174
0.9923 | 183
0.9976 | 201
0.9938 | 114
0.9984 | 193
0.9972 | 222
0.9922 | 125
0.9935 | 136
0.9944 | 198
0.9942 | 191
0.9944 | 185
0.9997 | 225
0.9977 | 198
0.9912 | 94
0.9982 | 204
0.9982 | 204
0.9983 | 204
0.998 | 197
0.9894 | 135
0.9927 | 84
0.9917 | 110
0.9904 | 115
0.993 | 41
0.9941 | 218
0.9943 | 166
0.99855 | 130
0.99345 | 98
0.998 | 172
0.9916 | 128
0.9916 | 128
0.99475 | 213
0.99325 | 187
0.9933 | 150
0.9969 | 221
1.0002 | 157
0.9933 | 150
0.9937 | 127
0.99685 | 178
0.99455 | 182
0.9917 | 128
0.99035 | 89
0.9914 | 122
0.99225 | 136
0.99155 | 114
0.9954 | 101
0.99455 | 157
0.9924 | 188
0.99695 | 139
0.99655 | 240
0.9934 | 49
0.998 | 183
0.9971 | 191
0.9948 | 129
0.998 | 183
0.9971 | 191
0.99215 | 142
0.9948 | 129
0.9915 | 19
0.99115 | 57
0.9932 | 136
0.9977 | 152
0.99535 | 160
0.99165 | 113
0.9953 | 253
0.9928 | 177
0.9958 | 176
0.9928 | 175
0.9928 | 177
0.9964 | 167
0.9987 | 160
0.9953 | 253
0.9932 | 138
0.9907 | 107
0.99755 | 175
0.99935 | 178
0.9932 | 136
0.9932 | 134
0.9958 | 176
0.99585 | 173
1.00055 | 247
0.9985 | 128
0.99505 | 168
0.992 | 135
0.9988 | 238
0.99175 | 46
0.9962 | 113
0.9962 | 113
0.9942 | 120
0.9927 | 140
0.9927 | 144
0.99985 | 172
0.997 | 124
0.9918 | 104
0.99215 | 98
0.99865 | 197
0.9992 | 178
1.0006 | 145
0.99135 | 55
0.99715 | 213
0.9992 | 178
1.0006 | 145
0.99865 | 197
0.99815 | 119
0.99815 | 117
0.99815 | 117
0.9949 | 116
0.99815 | 119
0.99815 | 117
0.99225 | 92
0.99445 | 144
0.99225 | 92
0.99335 | 173
0.99625 | 157
0.9971 | 215
0.9983 | 153
0.99445 | 113
0.99085 | 75
0.9977 | 161
0.9953 | 222
0.99775 | 220
0.99795 | 165
0.99505 | 112
0.9977 | 161
0.9975 | 205
0.99745 | 204
0.9976 | 246
0.99775 | 206
0.9953 | 222
0.9932 | 120
0.99405 | 160
1 | 166
0.99785 | 229
0.9939 | 125
0.9939 | 77
0.99675 | 133
0.9939 | 125
0.99675 | 133
0.98965 | 85
0.9971 | 212
0.99445 | 104
0.9945 | 117
0.9939 | 77
0.9958 | 167
0.9956 | 155
0.99055 | 139
0.9959 | 90
0.9925 | 90
0.9963 | 110
0.9935 | 161
0.99105 | 108
0.99045 | 82
0.9963 | 110
0.99155 | 108
0.99085 | 177
0.99085 | 177
0.99085 | 177
0.9924 | 126
0.9924 | 126
0.99975 | 169
0.99975 | 169
0.99315 | 101
0.9917 | 118
0.9917 | 118
0.99845 | 153
0.9921 | 73
0.99975 | 169
0.9909 | 105
0.99315 | 101
0.99855 | 166
0.9934 | 117
0.9978 | 151
0.9934 | 117
0.9949 | 116
0.99855 | 166
0.9986 | 169
0.99725 | 149
0.9946 | 166
0.99255 | 103
0.9996 | 182
0.9939 | 163
0.99 | 111
0.9937 | 163
0.9886 | 117
0.9934 | 117
1 | 143
0.9994 | 173
0.9926 | 97
0.9956 | 159
0.9978 | 151
0.9915 | 125
0.9939 | 33
0.9932 | 64
0.993 | 141
0.9898 | 119
0.9921 | 104
0.9932 | 110
0.9919 | 111
0.993 | 141
0.9953 | 121
0.9928 | 125
0.9928 | 125
0.9976 | 236
0.9906 | 105
0.9918 | 173
0.99185 | 90
0.9918 | 173
0.99185 | 90
0.994 | 166
0.9908 | 114
0.9928 | 114
0.9896 | 128
0.9908 | 114
0.9918 | 67
0.9952 | 242
0.9923 | 87
0.9915 | 67
0.9952 | 242
0.9947 | 145
0.9983 | 113
0.9975 | 229
0.995 | 206
0.9944 | 159
0.994 | 101
0.9944 | 72
0.9908 | 124
0.99795 | 159
0.9985 | 217
0.99425 | 144
0.99425 | 143
0.9943 | 145
0.9924 | 30
0.9946 | 88
0.9924 | 30
0.995 | 137
0.9919 | 124
0.99 | 107
0.9923 | 107
0.9956 | 144
0.9978 | 153
0.9978 | 153
0.9967 | 215
0.9934 | 152
0.9936 | 100
0.9932 | 80
0.9934 | 173
0.998 | 179
0.9978 | 115
0.9929 | 84
0.9974 | 230
0.99685 | 225
0.99495 | 205
0.99745 | 233
0.99505 | 230
0.992 | 67
0.9978 | 115
0.9956 | 244
0.9982 | 194
0.99485 | 197
0.9971 | 212
0.99265 | 88
0.9904 | 135
0.9965 | 131
0.9946 | 105
0.99965 | 205
0.9935 | 147
0.996 | 57
0.9942 | 84
0.9936 | 134
0.9965 | 143
0.9928 | 99
0.9928 | 117
0.9965 | 143
0.9936 | 134
0.9938 | 133
0.9926 | 79
0.9926 | 78
0.9983 | 174
0.9983 | 174
0.992 | 101
0.9983 | 174
0.9923 | 112
0.9972 | 152
0.9928 | 101
0.9928 | 188
0.9994 | 153
0.991 | 93
0.9906 | 68
0.9894 | 102
0.9898 | 110
0.9994 | 153
0.991 | 93
0.9925 | 114
0.9956 | 111
0.9946 | 131
0.9966 | 189
0.9951 | 155
0.9927 | 54
0.9927 | 55
0.9951 | 155
0.9894 | 72
0.9907 | 77
0.9925 | 149
0.9928 | 122
0.9941 | 161
0.9941 | 163
0.9925 | 149
0.9935 | 117
0.9932 | 143
0.9944 | 69
0.9972 | 217
0.994 | 62
0.9956 | 187
0.9927 | 154
0.9924 | 29
0.9966 | 152
0.9997 | 184
0.9936 | 165
0.9936 | 84
0.9952 | 216
0.9952 | 221
0.9928 | 136
0.9911 | 153
0.993 | 91
0.9911 | 153
0.9932 | 79
0.993 | 199
0.993 | 146
0.9932 | 109
0.9932 | 173
0.9943 | 98
0.9968 | 210
0.9994 | 162
0.9926 | 113
0.9968 | 136
0.9932 | 109
0.9916 | 157
0.9946 | 189
0.9925 | 125
0.9925 | 125
0.9935 | 188
0.9962 | 174
0.9928 | 185
0.993 | 123
0.993 | 140
0.9956 | 60
0.9941 | 128
0.9972 | 245
0.9948 | 166
0.9955 | 232
0.9972 | 234
0.9972 | 234
0.9983 | 227
0.9942 | 148
0.9936 | 75
0.9956 | 77
0.9953 | 104
0.9918 | 102
0.995 | 138
0.992 | 75
0.9952 | 104
1.001 | 243
0.9924 | 94
0.9932 | 92
0.9937 | 107
0.9918 | 61
0.9934 | 75
0.991 | 116
0.9962 | 152
0.9932 | 123
0.9908 | 86
0.9962 | 119
0.9918 | 61
0.9941 | 111
0.9931 | 111
0.9981 | 197
0.9931 | 111
0.9944 | 166
0.992 | 121
0.9966 | 185
0.9956 | 216
0.9956 | 202
0.9949 | 159
1.0002 | 126
0.9942 | 172
0.9923 | 125
0.9917 | 87
0.9931 | 147
0.992 | 166
1.0002 | 126
0.9953 | 118
0.9951 | 192
0.9974 | 186
0.9904 | 124
0.9974 | 180
0.9944 | 132
1.0004 | 197
0.9952 | 227
0.9956 | 118
0.995 | 155
0.995 | 155
0.9995 | 190
0.9942 | 142
0.9977 | 160
0.992 | 128
0.992 | 123
0.9995 | 190
0.9934 | 127
1.0006 | 213
0.9982 | 178
0.9928 | 156
0.9945 | 132
0.9963 | 183
0.9906 | 97
0.9956 | 139
0.9942 | 142
0.9962 | 120
0.9894 | 120
0.995 | 155
0.9908 | 107
0.9914 | 148
0.9938 | 117
0.9977 | 160
0.9922 | 191
0.992 | 128
0.9903 | 87
0.9893 | 76
0.9952 | 151
0.9903 | 87
0.9912 | 96
0.9983 | 177
0.9937 | 102
0.9932 | 26
0.9928 | 96
0.9922 | 64
0.9976 | 216
0.9922 | 64
0.9974 | 138
0.998 | 106
0.9931 | 117
0.9911 | 89
0.9944 | 124
0.9937 | 135
0.9974 | 182
0.989 | 166
0.992 | 99
0.9928 | 100
0.9918 | 117
0.9936 | 159
0.9944 | 128
0.9988 | 162
0.994 | 114
0.9953 | 127
0.9986 | 161
0.9914 | 178
0.9934 | 170
0.996 | 133
0.9937 | 91
0.9921 | 57
0.998 | 146
0.996 | 133
0.9933 | 131
0.9933 | 132
0.9959 | 223
0.9936 | 151
0.9953 | 188
0.9938 | 111
0.9952 | 220
0.9959 | 219
0.9959 | 223
0.9937 | 79
0.992 | 102
0.9967 | 171
0.9944 | 172
0.9998 | 135
0.9998 | 135
0.9942 | 189.5
0.9998 | 135
0.9945 | 153
0.9998 | 135
0.9946 | 151
0.9942 | 189.5
0.9928 | 73
0.9946 | 129
0.9927 | 82
0.9938 | 113
0.9918 | 74
0.9945 | 153
0.9966 | 115
0.9954 | 118
0.9913 | 119
0.9931 | 101
0.9986 | 214
0.9965 | 173
0.9984 | 198
0.9952 | 189
0.9956 | 167
0.9949 | 109
0.9954 | 118
0.996 | 125
0.9931 | 101
0.992 | 134
0.9912 | 138
0.9978 | 225
0.9938 | 184
0.9914 | 104
0.9932 | 143
0.9944 | 55
0.9913 | 119
0.9948 | 135
0.998 | 107
0.9998 | 129.5
0.9964 | 216
0.9992 | 141
0.9948 | 135
0.9998 | 129.5
0.998 | 107
0.9939 | 93
0.992 | 93
0.9922 | 75
0.9955 | 192
0.9917 | 97
0.9917 | 97
0.9954 | 200
0.9986 | 171
0.9955 | 192
0.9917 | 134
0.9907 | 125
0.9922 | 59
0.9958 | 188
0.993 | 155
0.9917 | 97
0.9926 | 59
0.9959 | 169
0.9906 | 93
0.9993 | 220
0.993 | 126
0.9906 | 93
0.992 | 217.5
0.992 | 127
0.994 | 115
0.9959 | 169
0.9908 | 102
0.9902 | 87
0.9908 | 102
0.9943 | 110
0.9921 | 109
0.9911 | 96
0.9986 | 238
0.992 | 114
0.992 | 93
0.9943 | 131
0.9937 | 155
0.993 | 195
0.9902 | 87
0.9928 | 116
0.9896 | 128
0.998 | 164
0.9954 | 178
0.9938 | 187
0.9918 | 141
0.9896 | 128
0.9944 | 131
0.9999 | 233
0.9953 | 167
0.992 | 80
0.9925 | 73
0.9981 | 195
0.9952 | 160
0.9927 | 150
0.9927 | 152
0.9911 | 165
0.9936 | 150
0.9959 | 104
0.9946 | 157
0.9948 | 223
0.9955 | 212
0.9951 | 245
0.9952 | 236
0.9946 | 156
0.9946 | 157
0.9944 | 223
0.9938 | 73
0.9963 | 174
0.991 | 116
1.0003 | 163
0.9966 | 145
0.9993 | 190
1.0003 | 163
0.9938 | 126
0.9965 | 162
0.9938 | 126
0.9993 | 190
0.9938 | 132
1.0003 | 163
0.9966 | 145
0.9942 | 133
0.9928 | 153
0.991 | 140
0.9911 | 168
0.9977 | 147
0.9927 | 151
0.9911 | 168
0.991 | 140
0.9912 | 147
0.9907 | 110
0.9902 | 109
0.992 | 78
0.994 | 98
0.9966 | 191
0.993 | 79
0.993 | 102
0.993 | 102
0.9966 | 191
0.9942 | 131
0.9925 | 122
0.9925 | 163
0.9928 | 166
0.995 | 159
0.9939 | 176
0.9958 | 212
0.9952 | 163
1 | 228
0.9948 | 114
0.99 | 105
0.9958 | 142
0.9948 | 130
0.9949 | 94
0.997 | 142
0.9927 | 116
0.9938 | 160
0.9949 | 186
0.9953 | 169
0.997 | 162
0.9932 | 190
0.9927 | 177
0.9932 | 96
0.9955 | 234
0.9914 | 114
0.991 | 114
0.992 | 152
0.9924 | 161
0.9927 | 182
0.9911 | 114
0.9958 | 168
0.9928 | 167
0.9902 | 81
0.994 | 104
0.994 | 108
0.9972 | 110
1.0004 | 210
0.991 | 180
0.9918 | 107
0.995 | 189
0.9941 | 161
0.9956 | 251
0.9956 | 251
0.9959 | 116
0.9922 | 121
0.9931 | 151
0.9959 | 116
0.9984 | 181
0.9908 | 165
0.991 | 113
0.9928 | 163
0.9936 | 162
0.9941 | 161
0.9924 | 61
0.9917 | 122
0.9906 | 130
0.995 | 189
0.9956 | 251
0.9955 | 179
0.9907 | 143
1 | 191
0.9953 | 167
0.9911 | 103
0.9922 | 132
0.9951 | 158
0.9948 | 189.5
0.9906 | 115
0.994 | 96
0.9907 | 143
0.9927 | 140
0.9914 | 95
0.9958 | 115
1 | 191
0.9984 | 185
0.9941 | 116
0.9944 | 162
0.998 | 181
0.998 | 181
0.9902 | 121
0.9911 | 130
0.9929 | 134
0.993 | 136
0.9918 | 132
0.992 | 126
0.9932 | 152
0.992 | 98
0.994 | 92
0.9923 | 102
0.993 | 133
0.9956 | 138
0.9907 | 116
0.99 | 85
0.9918 | 143
0.9926 | 180
0.995 | 123
0.99 | 81
0.99 | 85
0.9946 | 101
0.9907 | 116
0.9898 | 98
0.9918 | 143
0.9986 | 200
0.9986 | 200
0.9928 | 83
0.9986 | 200
0.9979 | 222
0.994 | 122
0.9937 | 128
0.9938 | 73
0.9942 | 117
0.9944 | 90
0.993 | 78
0.9986 | 200
0.9932 | 118
0.9934 | 97
0.9928 | 83
0.9925 | 155
0.9944 | 124
0.9909 | 130
0.9932 | 63
0.9934 | 128
1.0001 | 366.5
0.992 | 132
0.9916 | 103
0.998 | 137
0.9919 | 90
0.9925 | 105
0.9977 | 225
0.9944 | 124
0.991 | 128
0.99 | 140
0.9917 | 156
0.9923 | 81
0.9928 | 87
0.9923 | 119
0.9928 | 87
0.9902 | 94
0.9893 | 99
0.9917 | 156
0.9982 | 94
1.0005 | 243
0.9923 | 81
0.9951 | 210
0.9956 | 226
0.998 | 162
0.9928 | 117
0.9938 | 117
0.9914 | 125
0.9955 | 158
0.9924 | 130
0.9911 | 92
0.9917 | 150
0.9917 | 150
0.9932 | 172
0.9955 | 158
0.9929 | 138
0.9955 | 158
0.9958 | 156
1.0012 | 231
0.9968 | 150
0.9911 | 92
0.9924 | 130
0.991 | 144
0.9946 | 133
0.9928 | 128
0.9946 | 164
0.9917 | 150
0.9918 | 137
0.9926 | 151
0.9931 | 163
0.9932 | 172
0.9903 | 96
0.9928 | 60
0.9929 | 138
0.9958 | 156
0.9955 | 158
0.9911 | 48
0.9938 | 128
0.9942 | 85
0.9945 | 148
0.9962 | 184
0.992 | 104
0.9927 | 159
0.9948 | 124
0.9945 | 148
0.9942 | 124
0.9952 | 187
0.9942 | 85
0.9958 | 134
0.9918 | 126
0.9932 | 51
1.0004 | 169
0.9972 | 224
0.9998 | 187
0.9918 | 117
0.9918 | 97
0.9964 | 188
0.9936 | 180
0.9931 | 186
0.9938 | 197
0.9934 | 62
0.99 | 126
0.9914 | 86
0.9904 | 155
0.994 | 132
0.9938 | 169
0.9933 | 121
0.9909 | 124
0.9942 | 126
0.9945 | 130
0.9954 | 205
0.996 | 160
0.9991 | 170
0.993 | 144
0.9942 | 145
0.9934 | 126
0.9939 | 134
0.9937 | 161
0.994 | 132
0.9926 | 136
0.9951 | 154
0.9952 | 163
0.9935 | 95
0.9938 | 169
0.9939 | 167
0.9933 | 121
0.9927 | 164
0.998 | 185
0.9997 | 158
0.9981 | 156
0.992 | 156
0.9954 | 195
0.992 | 156
0.9997 | 158
0.9981 | 156
0.9943 | 174
0.9941 | 209
0.9936 | 107
0.9996 | 176
0.9932 | 122
0.9926 | 24
0.9936 | 148
0.992 | 106
0.9936 | 107
0.9996 | 176
0.993 | 86
0.9924 | 104
0.9928 | 99
0.9926 | 24
0.9952 | 152
0.9945 | 156
0.9945 | 158
0.9903 | 102
0.9932 | 122
0.9953 | 157
0.9936 | 129
0.9912 | 152
0.9962 | 156
0.9965 | 164
0.9932 | 148
0.9967 | 182
0.9953 | 157
0.9963 | 115
0.992 | 56
0.991 | 156
0.9958 | 112
0.99 | 126
0.991 | 156
0.9958 | 112
0.9938 | 117
0.9996 | 158
0.9946 | 110
0.9974 | 188
0.9945 | 157
0.9946 | 159
0.9974 | 188
0.9957 | 168
0.9931 | 116
0.9947 | 108
0.9953 | 182
0.9931 | 74
0.9946 | 128
0.9978 | 168
0.9989 | 191
1.0004 | 119
0.9938 | 84
0.9934 | 108
0.9978 | 168
0.9956 | 209
0.9982 | 165
0.9948 | 147
0.9956 | 209
0.9982 | 165
0.9926 | 122
0.991 | 165
0.9945 | 161
0.9916 | 111
0.9953 | 63
0.9938 | 136
0.9956 | 206
0.9906 | 122
0.9956 | 206
0.9932 | 108
0.9914 | 94
0.9938 | 136
0.996 | 223
0.9906 | 77
0.98815 | 53
0.9942 | 137
0.9903 | 113
0.9906 | 109
0.9935 | 118
1.0024 | 235
0.9968 | 212
0.9906 | 109
0.9941 | 100
0.9919 | 87
0.9928 | 120
0.9958 | 131
0.9932 | 140
0.9957 | 206
0.9937 | 143
0.9982 | 243
0.9928 | 128
0.9919 | 87
0.9956 | 131
0.9957 | 169
0.9954 | 118
0.993 | 131
0.9954 | 161
0.9987 | 195
0.9956 | 131
0.9928 | 108
0.9951 | 98
0.993 | 121
0.9928 | 108
0.9926 | 111
0.9938 | 110
1.0001 | 228
0.9933 | 126
0.9952 | 149
0.9934 | 160
0.9988 | 220
0.993 | 105
0.9952 | 149
0.9948 | 151
0.9998 | 134
0.9971 | 144
0.9998 | 134
0.9962 | 149
0.9948 | 151
0.99 | 99
0.9942 | 100
0.9965 | 166
0.9912 | 131
0.9978 | 209
0.9928 | 118
1.0103 | 176
0.9956 | 184
0.9936 | 142
0.9929 | 98
0.9966 | 162
0.9964 | 220
0.996 | 217
0.9959 | 217
0.9954 | 191
0.9914 | 114
1.0103 | 176
1.0004 | 177
0.9911 | 114
0.9938 | 84
0.9927 | 128
0.9922 | 72
0.9924 | 124
0.9963 | 160
0.9936 | 87
0.9951 | 168
0.9951 | 163
0.9955 | 188
0.9961 | 224
0.9936 | 87
0.992 | 156
0.9944 | 170
0.9944 | 117
1.0008 | 197
0.9962 | 212
0.9986 | 205
0.9986 | 205
1 | 195
0.9986 | 205
0.9982 | 147
1 | 195
0.9949 | 216
0.9915 | 123
0.9951 | 175
0.9986 | 205
0.9927 | 213
0.9955 | 198
0.9952 | 150
0.9928 | 132
0.9982 | 190
0.9914 | 190
0.9927 | 213
0.9918 | 175
0.9944 | 121
0.9969 | 208
0.9955 | 114
0.9954 | 151
0.9955 | 148
0.9921 | 127
0.9934 | 157
0.9998 | 179
0.9946 | 161
0.9984 | 180
0.9924 | 67
0.9939 | 120
0.995 | 178
0.9957 | 136
0.9953 | 116
0.9912 | 148
0.9939 | 108
0.9921 | 142
0.9954 | 178
0.9933 | 69
0.9941 | 180
0.995 | 190
0.9977 | 148
0.9912 | 148
0.9945 | 122
0.9952 | 152
0.9924 | 97
0.9986 | 212
0.9953 | 116
0.9939 | 138
0.9929 | 99
0.9988 | 198
0.9906 | 111
0.9914 | 123
0.9978 | 185
0.9928 | 178
0.9948 | 104
0.9978 | 185
0.9946 | 101
0.9908 | 55
0.9954 | 150
0.9906 | 152
0.99705 | 142
0.9982 | 169
0.9932 | 136
0.9977 | 238
0.994 | 87
0.9982 | 169
0.9929 | 102
0.9924 | 135
0.9966 | 174
0.9921 | 153
0.9967 | 197
0.9934 | 141
0.9914 | 93
0.99705 | 142
0.9961 | 202
0.9967 | 215
0.9926 | 53
0.99605 | 224
0.99435 | 181
0.9948 | 124
0.9916 | 98
0.997 | 112
0.9961 | 202
0.9967 | 215
0.9961 | 209
0.9955 | 179
0.9922 | 144
0.9918 | 102
0.9955 | 181
0.9941 | 141
0.9955 | 178
0.9955 | 181
0.9924 | 99
0.9973 | 135
0.999 | 163
0.9941 | 141
0.9922 | 150
0.9922 | 150
0.9953 | 150
0.9945 | 200
0.9945 | 142
0.9957 | 100
0.9932 | 127
0.9945 | 142
0.9913 | 115
0.9909 | 158
0.9939 | 122
0.991 | 189
0.9954 | 176
0.9943 | 117
0.993 | 153
1.0002 | 187
0.9946 | 120
0.9953 | 149
0.9918 | 126
0.9936 | 128
0.9984 | 173
0.9956 | 162
0.9966 | 191
0.9942 | 67
0.9984 | 173
0.9956 | 162
0.9966 | 191
0.9974 | 119
0.9944 | 116
1.0008 | 184
0.9974 | 119
1.0008 | 184
0.9928 | 184
0.9944 | 116
0.9908 | 72
0.9917 | 110
0.9911 | 100
0.9912 | 164
0.9953 | 131
0.9932 | 114
0.9896 | 96
0.9889 | 131
0.9912 | 164
0.9926 | 110
0.9911 | 100
0.9964 | 231
0.9974 | 165
0.9944 | 84
0.9974 | 165
0.9964 | 231
0.9963 | 240
0.9948 | 167
0.9948 | 167
0.9953 | 153
0.9948 | 167
0.9953 | 153
0.9949 | 160
0.9988 | 213
0.9954 | 104
0.992 | 102
0.9984 | 247
0.9954 | 104
0.9926 | 164
0.992 | 102
0.9976 | 249
0.9972 | 139
0.991 | 94
0.998 | 157
0.9966 | 180
0.998 | 157
1.0007 | 243
0.992 | 189
0.9925 | 181
0.991 | 94
0.9934 | 127
0.9955 | 107
0.9944 | 172
0.9981 | 197
0.9968 | 181
0.9946 | 176
0.9946 | 171
0.9981 | 197
0.9946 | 161
0.997 | 186
0.9924 | 104
0.9958 | 202
0.994 | 122
0.9958 | 142
0.9984 | 199
0.9948 | 137
0.9932 | 144
0.9952 | 140
0.9924 | 163
0.9945 | 168
0.9976 | 166
0.9976 | 166
0.9938 | 154
0.9997 | 165
0.994 | 140
0.9921 | 78
0.9986 | 248
0.9987 | 103
0.9991 | 213
0.9987 | 103
0.9991 | 213
0.9991 | 213
0.9948 | 124
0.9987 | 103
0.993 | 107
0.9988 | 178
1 | 185
0.9932 | 112
0.9991 | 213
0.9989 | 197
1 | 142
1 | 142
0.9952 | 161
0.9969 | 212
0.9966 | 166
0.9966 | 166
0.9976 | 89
0.99 | 104
0.9988 | 166
0.9942 | 118
0.9984 | 183
0.9932 | 106
0.9969 | 212
0.9966 | 166
0.9933 | 120
0.9916 | 158
0.9914 | 98
0.9966 | 126
0.9958 | 180
0.9926 | 71
0.9939 | 112
0.9953 | 153
0.9906 | 135
0.9914 | 98
0.9958 | 180
0.9926 | 71
0.9991 | 177
0.9994 | 189
0.9976 | 158
0.9966 | 126
0.9953 | 127
0.9923 | 59
0.993 | 106
0.9931 | 97
0.9932 | 96
0.9926 | 169
0.9938 | 193
0.9966 | 172
0.9974 | 228
0.9924 | 307.5
0.9948 | 93
0.9964 | 182
0.9924 | 87
0.9966 | 172
0.9974 | 228
0.9938 | 172
0.9928 | 84
0.9959 | 143
1.0001 | 256
0.9959 | 143
1.0001 | 256
0.9968 | 195
0.9932 | 197
0.9954 | 152
0.9992 | 158
0.9932 | 197
0.9939 | 135
0.9952 | 160
0.9996 | 219
0.9966 | 185
0.9925 | 142
0.996 | 172
0.9996 | 219
0.9973 | 169
0.9937 | 63
0.9966 | 89
1.0017 | 238
0.993 | 91
0.993 | 91
0.9959 | 123
0.9958 | 99
1.0017 | 238
0.9958 | 173
0.9979 | 163
0.9941 | 114
0.997 | 186
0.9934 | 142
0.9927 | 164
0.9944 | 116
0.9927 | 164
0.9963 | 133
1.0011 | 139
1.0011 | 139
0.9959 | 197
0.9973 | 208
0.9966 | 143
0.9932 | 103
0.9984 | 184
0.999 | 212.5
0.999 | 212.5
0.999 | 212.5
0.999 | 212.5
0.999 | 212.5
1.0006 | 181
0.9937 | 151
0.9954 | 176
0.997 | 201
0.9912 | 102
0.9939 | 110
0.999 | 212.5
0.9957 | 103
0.9926 | 180
0.9994 | 168
1.0004 | 170
0.9994 | 168
1.0004 | 170
1.0004 | 170
1.0002 | 197
0.9922 | 145
0.9922 | 147
0.9934 | 154
0.9926 | 180
0.9941 | 178
0.9994 | 168
1.0004 | 170
0.9924 | 84
0.9948 | 159
0.9935 | 98
0.9918 | 95
0.9948 | 159
0.9924 | 160
0.9979 | 133
0.993 | 71
0.994 | 84
0.991 | 110
0.993 | 71
0.9922 | 136
0.9979 | 133
0.9937 | 163
0.9928 | 142
0.9965 | 215
0.9928 | 142
0.9991 | 190
0.9948 | 149
0.9925 | 60
0.9958 | 180
0.9962 | 150
0.9965 | 215
0.9951 | 145
0.9944 | 160
0.9916 | 101
0.9987 | 183
0.9928 | 124
0.9926 | 72
0.9934 | 155
0.9944 | 160
0.9949 | 104
0.9926 | 71
0.997 | 212
0.9949 | 104
0.9948 | 104
0.992 | 107
0.9964 | 115
0.9926 | 71
0.9982 | 126
0.9955 | 156
0.9955 | 155
0.9958 | 172
0.9997 | 123
1.0001 | 146
1.0001 | 146
0.9918 | 101
0.9918 | 101
0.9931 | 155
1.0001 | 146
0.9926 | 151
0.9966 | 227
0.9932 | 169
0.9969 | 223
0.9925 | 96
0.9914 | 132
0.996 | 123
0.9952 | 180
0.9934 | 127
0.9939 | 142
0.9939 | 146
0.9906 | 104
0.9901 | 126
0.9948 | 173
0.995 | 140
0.9953 | 164
0.9953 | 189
0.9952 | 180
0.996 | 123
0.9948 | 124
0.9951 | 198
0.9931 | 119
0.9962 | 117
0.9948 | 124
0.9959 | 95
0.9962 | 119
0.9958 | 111
0.9948 | 150
0.9948 | 150
0.994 | 101
0.9942 | 153
0.9942 | 130
0.9948 | 150
0.9964 | 172
0.9958 | 176
0.9932 | 93
0.9986 | 136
0.9986 | 136
0.9988 | 146
0.9953 | 129
0.9983 | 145
1 | 163
0.9951 | 153
0.9983 | 145
0.9906 | 85
0.9981 | 237
0.9936 | 128
0.9951 | 153
0.9953 | 129
1.0005 | 234
0.9972 | 141
1 | 163
0.9969 | 186
1.0001 | 138
1.0001 | 138
1.0001 | 138
0.9934 | 93
0.9969 | 186
1.0001 | 138
0.9902 | 68
0.993 | 117
0.9914 | 126
0.9941 | 122
0.9967 | 154
0.9918 | 109
0.998 | 173
0.9967 | 154
0.9918 | 109
0.9957 | 163
0.9986 | 174
0.9958 | 344
0.9948 | 146
0.9918 | 115
0.9923 | 144
0.9998 | 158
0.9998 | 158
0.9914 | 162
0.9939 | 118
0.9966 | 224
0.995 | 132
0.9966 | 224
0.994 | 102
0.9972 | 105
0.9998 | 117
0.9998 | 117
0.9982 | 179
0.9924 | 89
0.9972 | 145
0.997 | 165
0.9954 | 105
0.9962 | 142
0.9972 | 105
0.9921 | 99
0.9905 | 102
0.9998 | 117
0.993 | 76
0.9941 | 91
0.9994 | 187
0.9962 | 181
0.992 | 76
0.9922 | 92
0.994 | 105
0.9897 | 61
0.9954 | 124
0.99 | 79
0.9948 | 115
0.9922 | 92
0.998 | 130
0.9944 | 162
0.9944 | 162
0.9986 | 229
0.9986 | 229
0.9986 | 229
0.9986 | 229
0.9986 | 229
0.996 | 117
0.9999 | 163
0.9986 | 229
0.9986 | 212
0.996 | 117
0.9951 | 126
0.9999 | 163
0.993 | 106
0.9982 | 146
0.992 | 114
0.9963 | 146
0.995 | 141
0.9956 | 109
0.997 | 94
0.9936 | 74
0.9935 | 137
0.9963 | 90
0.9967 | 125
0.9912 | 110
0.9981 | 145
0.9966 | 153
0.9967 | 125
0.9963 | 90
0.9935 | 137
0.9902 | 71
0.99 | 101
0.996 | 187
0.9966 | 231
0.9962 | 157
0.994 | 147
0.996 | 187
0.994 | 167
0.9944 | 175
0.9974 | 178
0.996 | 132
0.9922 | 138
0.9917 | 128
0.9918 | 125
0.9936 | 150
0.9938 | 136
0.9918 | 125
0.9939 | 107
0.9917 | 128
0.9981 | 161
0.9941 | 96
0.9928 | 129
0.9952 | 163
0.9898 | 134
0.9914 | 120
0.9981 | 161
0.9957 | 157
0.998 | 169
0.9957 | 157
0.9986 | 166
0.9983 | 177
0.9982 | 179
0.997 | 124
0.9947 | 150
0.997 | 124
0.9947 | 150
0.99416 | 89
0.99516 | 164
0.99496 | 90
0.9974 | 147
0.99579 | 184
0.9983 | 162
0.99471 | 151
0.9974 | 147
0.99644 | 180
0.99579 | 184
0.99699 | 169
0.99758 | 171
0.9977 | 228
0.99397 | 141
0.9983 | 162
0.99471 | 151
0.99243 | 100
0.9962 | 186
1.00182 | 235
0.99384 | 101
0.99582 | 174
0.9962 | 186
0.9924 | 172
0.99466 | 133
0.99212 | 128
0.99449 | 132
0.99748 | 205
0.99449 | 132
0.99748 | 205
0.99475 | 134
0.99189 | 61
0.99827 | 159
0.99752 | 154
0.99827 | 159
0.99479 | 167
0.99752 | 154
0.99642 | 152
1.00047 | 169
0.99382 | 107
0.99784 | 156
0.99486 | 108
0.99537 | 94
0.99382 | 107
0.99838 | 178
0.99566 | 200
0.99268 | 91
0.99566 | 200
0.99468 | 149
0.9933 | 77
0.99307 | 66
0.99907 | 210
0.99907 | 210
0.99907 | 210
0.99907 | 210
0.99471 | 144
0.99471 | 145
0.99907 | 210
0.99148 | 97
0.99383 | 106
0.99365 | 150
0.99272 | 208
0.99148 | 97
0.99235 | 115
0.99508 | 150
0.9946 | 168
0.99674 | 202
0.99018 | 109
0.99235 | 115
0.99084 | 125
0.99856 | 125
0.99591 | 194
0.9975 | 126
0.9944 | 168
0.99173 | 143
0.99378 | 134
0.99805 | 159
0.99534 | 139
0.99232 | 126
0.99805 | 159
0.99078 | 132
0.99534 | 139
0.99061 | 80
0.99182 | 127
0.9966 | 144
0.9912 | 116
0.99779 | 153
0.99814 | 164
0.99096 | 84
0.99379 | 130
0.99426 | 178
0.99228 | 121
0.99335 | 148
0.99595 | 190
0.99297 | 119
0.99687 | 111
0.99297 | 119
0.99687 | 111
0.99445 | 175
0.9986 | 209
0.99154 | 161
0.9981 | 209
0.98993 | 106
1.00241 | 212
0.99716 | 118
0.99437 | 198
0.9972 | 180
0.99756 | 167
0.99509 | 90
0.99572 | 156
0.99756 | 167
0.99175 | 95
0.99254 | 149
0.99509 | 90
0.99676 | 211
0.9979 | 179
0.99194 | 98
0.99077 | 141
0.99782 | 184
0.99942 | 212
0.99708 | 202
0.99353 | 126
0.99256 | 89
0.99199 | 66
0.9918 | 130
0.99354 | 130
0.99244 | 93
0.99831 | 221
0.99396 | 129
0.99724 | 121
0.99524 | 102
0.9927 | 144
0.99802 | 182
0.99512 | 204
0.99438 | 138
0.99679 | 227
0.99652 | 188
0.99698 | 169
0.99474 | 144
0.99511 | 107
0.99582 | 202
0.99125 | 85
0.99256 | 57
0.9911 | 188
0.99168 | 150
0.9911 | 188
0.99556 | 90
1.00098 | 282
0.99516 | 191
0.99516 | 196
0.99518 | 144
0.99347 | 107
0.9929 | 74
0.99347 | 107
0.99841 | 160
0.99362 | 189
0.99361 | 186
0.9914 | 106
0.99114 | 83
0.9925 | 130
0.99453 | 156
0.9938 | 135
0.9938 | 136
0.99806 | 252
0.9961 | 199
1.00016 | 218
0.9916 | 101
0.99116 | 93
0.99319 | 77
0.99517 | 104
0.99514 | 107
0.99566 | 202
0.99166 | 125
0.99587 | 130
0.99558 | 188
0.99117 | 100
0.99399 | 109
0.99741 | 214
0.99405 | 111
0.99622 | 220
1.00051 | 208
0.99803 | 212
0.99405 | 111
0.99773 | 195
0.99397 | 106
0.99622 | 220
0.99713 | 204
0.99274 | 98
1.00118 | 207
0.99176 | 118
0.9969 | 198
0.99771 | 210
0.99411 | 117
0.99771 | 210
0.99411 | 117
0.99194 | 172
0.99558 | 230
0.99194 | 172
0.99558 | 230
0.99577 | 195
0.99564 | 177
0.99578 | 198
0.99888 | 229
1.00014 | 253
0.99441 | 148
0.99594 | 183
0.99437 | 150
0.99594 | 183
0.9979 | 130
0.99434 | 159
0.99203 | 168
0.998 | 201
0.99316 | 219.5
0.998 | 201
0.99314 | 210
0.99316 | 210
0.99612 | 133
0.99295 | 114
0.99394 | 181
0.99642 | 157
0.99642 | 157
0.99248 | 136
0.99268 | 141
0.99954 | 201
0.99692 | 194
0.99592 | 156
0.99592 | 156
0.99692 | 194
0.99822 | 147
0.99822 | 147
0.99402 | 71
0.99404 | 72
0.99787 | 184
0.99347 | 124
0.99838 | 161
0.99839 | 159
0.99375 | 128
0.99155 | 77
0.9936 | 118
0.99434 | 176
0.9922 | 174
0.99571 | 97
0.99658 | 142
0.99076 | 83
0.99496 | 117
0.9937 | 148
0.99076 | 83
0.99542 | 215
0.99825 | 143
0.99289 | 113
0.99432 | 216.5
0.99523 | 201
0.99542 | 215
0.9959 | 191
0.99543 | 204
0.99662 | 122
0.99088 | 122
0.99088 | 122
0.99922 | 174
0.9966 | 110
0.99466 | 201
0.99922 | 174
0.99836 | 139
0.99836 | 139
0.99238 | 155
0.99645 | 96
1 | 133
1 | 133
0.99376 | 175
1 | 133
0.99513 | 191
0.99556 | 119
0.99556 | 119
0.99543 | 174
0.99886 | 194
0.99526 | 212
0.99166 | 140
0.99691 | 178
0.99732 | 134
0.99573 | 203
0.99656 | 215
0.99112 | 67
0.99214 | 145
0.99165 | 148
0.99004 | 37
0.99463 | 170
0.99683 | 224
0.99004 | 37
0.99596 | 216
0.99898 | 174
0.99114 | 138
0.99508 | 162
0.99306 | 174
0.99898 | 174
0.99508 | 162
0.99114 | 138
0.99342 | 108
0.99345 | 109
0.99772 | 158
0.99239 | 163
0.99502 | 178
0.99502 | 178
0.99479 | 149
0.99207 | 95
0.99497 | 162
0.99828 | 110
0.99542 | 142
0.99542 | 142
0.99228 | 111
0.99706 | 177
0.99497 | 162
0.99669 | 166
0.99828 | 110
0.99269 | 117
0.99196 | 159
0.99662 | 175
0.99475 | 128
0.99544 | 209
0.99944 | 188
0.99475 | 128
0.99544 | 209
0.9966 | 110
0.99066 | 146
0.9907 | 150
0.99066 | 146
0.998 | 170
0.9907 | 150
0.99066 | 146
0.99307 | 137
0.99106 | 103
0.99696 | 131
0.99106 | 103
0.99307 | 137
0.99167 | 160
0.99902 | 240
0.98992 | 80
0.99182 | 132
0.99556 | 207
0.99582 | 135
0.99182 | 132
0.98972 | 80
0.99352 | 56
0.9946 | 185
0.99273 | 154
0.99628 | 182
0.99582 | 227
0.99553 | 206
0.98914 | 104
0.99354 | 106
0.99976 | 174
0.99808 | 171
0.99808 | 171
0.99808 | 171
0.99808 | 171
0.99808 | 171
0.99808 | 171
0.9919 | 89
0.99808 | 171
0.99499 | 154
0.99655 | 132
0.99615 | 152
0.99296 | 144
0.99482 | 147
0.99079 | 107
0.99366 | 167
0.99434 | 208
0.98958 | 115
0.99434 | 208
0.99938 | 185
0.99059 | 132
0.99835 | 185
0.98958 | 115
0.99159 | 107
0.99159 | 107
0.98931 | 28
0.9938 | 157
0.99558 | 202
0.99563 | 209
0.98931 | 28
0.99691 | 177
0.9959 | 219
0.99159 | 107
0.99628 | 140
0.99076 | 80
0.99678 | 129
0.99678 | 129
0.99678 | 129
0.99089 | 126
0.99537 | 150
1.0002 | 144
0.99628 | 140
0.99089 | 126
0.99678 | 129
0.99076 | 80
0.99332 | 159
0.99316 | 136
0.99272 | 128
0.99636 | 219
0.99202 | 197
0.99148 | 109
0.99064 | 100
0.99884 | 186
0.99773 | 174
1.00013 | 191
0.98974 | 87
0.99773 | 174
1.00013 | 191
0.99112 | 104
0.99136 | 84
0.99132 | 89
0.99642 | 158
0.99488 | 91
0.99527 | 151
0.99578 | 178
0.99352 | 113
0.99199 | 71
0.99198 | 127
0.99756 | 144
0.99578 | 178
0.99561 | 162
0.99347 | 146
0.98936 | 80
0.99786 | 148
0.99705 | 303
0.9942 | 204
0.9948 | 196
0.99116 | 129
0.99688 | 158
0.98974 | 73
0.99542 | 156
0.99154 | 178
0.99118 | 110
0.99044 | 86
0.9914 | 91
0.9979 | 122
0.98892 | 142
0.99114 | 131
0.99188 | 120
0.99583 | 179
0.98892 | 142
0.98892 | 142
0.99704 | 120
0.9911 | 24
0.99334 | 120
0.99334 | 120
0.99094 | 93
0.99014 | 150
0.99304 | 144
0.99652 | 110
0.98944 | 119
0.99772 | 149
0.99367 | 136
0.99304 | 144
0.99183 | 128
0.99126 | 98
0.98944 | 119
0.99577 | 187
0.99772 | 149
0.99652 | 110
0.99428 | 124
0.99388 | 108
0.99208 | 166
0.99256 | 143
0.99388 | 108
0.9925 | 121
0.99904 | 182
0.99216 | 104
0.99208 | 166
0.99428 | 124
0.99165 | 72
0.99924 | 133
0.99924 | 133
0.99924 | 133
0.9956 | 201
0.99562 | 200
0.9972 | 209
0.99924 | 133
0.9958 | 189
0.99976 | 184
0.99976 | 184
0.99296 | 155
0.9957 | 182
0.9958 | 189
0.99579 | 188
0.99541 | 179
0.99976 | 184
0.99518 | 143
0.99168 | 69
0.99276 | 160
0.99085 | 92
0.99873 | 171
0.99172 | 101
0.99312 | 129
0.99276 | 160
0.9972 | 153
0.99278 | 91
0.99092 | 121
0.9962 | 213
0.99053 | 79
0.99858 | 190
0.9984 | 173
0.99335 | 135
0.99053 | 79
0.9949 | 141
0.9962 | 213
0.99092 | 121
0.99532 | 95
0.99727 | 131
0.99026 | 100
0.99668 | 145
0.99727 | 131
0.9952 | 165
0.99144 | 45
0.99144 | 45
0.99015 | 99
0.9914 | 142
0.99693 | 127
0.99035 | 170
0.99693 | 127
0.99035 | 170
0.99006 | 108
0.99126 | 138
0.98994 | 70
0.98985 | 28
0.9971 | 240
0.99882 | 240
0.99477 | 97
0.99478 | 103
0.99576 | 144
0.99578 | 148
0.99354 | 154
0.99244 | 163
0.99084 | 119
0.99612 | 152
0.99356 | 118
0.98952 | 95
0.99612 | 152
0.99084 | 119
0.99244 | 163
0.99955 | 228
0.99374 | 135
0.9892 | 138
0.99144 | 93
0.99352 | 131
0.99352 | 131
0.9935 | 135
0.99237 | 111
0.99144 | 93
0.99022 | 103
0.99032 | 117
1.03898 | 160
0.99587 | 211
0.99587 | 211
0.99587 | 211
0.99976 | 157
0.99354 | 70
0.99976 | 157
0.99552 | 176
0.99552 | 178
0.99587 | 211
0.99604 | 189
0.99584 | 183
0.98894 | 107
0.9963 | 151
0.993 | 83
0.98894 | 107
0.9963 | 151
0.99068 | 114
0.98964 | 125
0.99604 | 189
0.99584 | 183
0.9923 | 79
0.99437 | 99
0.993 | 83
0.99238 | 123
0.99801 | 148
0.99802 | 151
0.99566 | 184
0.99067 | 153
0.99066 | 100
0.9929 | 128
0.9934 | 109
0.99067 | 153
0.98912 | 71
0.99066 | 72
0.99228 | 126
0.98912 | 71
0.9958 | 148
0.99052 | 123
0.99312 | 120
0.9968 | 241
0.99502 | 150
0.99084 | 56
0.99573 | 172
0.99256 | 161
0.9959 | 196
0.99084 | 138
0.99084 | 138
0.99644 | 170
0.99526 | 140
0.9954 | 186
0.99095 | 73
0.99188 | 112
0.9909 | 117
0.99256 | 161
0.9959 | 196
0.99581 | 154
0.99132 | 82
0.98936 | 89
0.99136 | 92
0.99142 | 98
0.99232 | 92
0.99232 | 90
0.993 | 97
0.99311 | 87
0.99132 | 82
0.98993 | 86
0.99208 | 144
0.99776 | 210
0.99839 | 136
0.99574 | 86
0.99093 | 154
0.99156 | 101
0.99278 | 101
0.9924 | 143
0.98984 | 129
0.99035 | 96
0.9924 | 143
0.99165 | 113
0.9923 | 144
0.99278 | 101
0.99008 | 90
0.98964 | 76
0.99156 | 101
0.9909 | 115
0.98984 | 129
0.9889 | 121
0.99178 | 128
0.99076 | 108
0.9889 | 121
0.99046 | 84
0.98999 | 161
0.98946 | 95
0.98976 | 121
0.99046 | 84
0.99672 | 135
0.99482 | 162
0.98945 | 138
0.98883 | 88
0.99362 | 64
0.99075 | 94
0.99436 | 125
0.98988 | 81
0.99158 | 114
0.99265 | 87
0.99195 | 101
0.99168 | 84
0.9918 | 25
0.99313 | 132
0.9895 | 138
0.9932 | 148
0.99848 | 234
0.9909 | 153
0.99014 | 68
0.9952 | 180
0.99652 | 218
0.99848 | 234
0.99104 | 78
0.99772 | 150
0.9922 | 97
0.99076 | 92
0.99622 | 155
0.9902 | 81
0.99114 | 114
0.9938 | 157
0.99594 | 183
0.9902 | 81
0.99035 | 73
0.99032 | 73
0.99558 | 170
0.99622 | 155
0.99076 | 92
0.99413 | 199
0.99043 | 81
0.99043 | 81
0.98982 | 128
0.98934 | 118
0.9902 | 65
0.99449 | 118
0.99629 | 92
0.9948 | 202
0.98984 | 137
0.99326 | 131
0.99834 | 118
0.99555 | 196
0.98975 | 59
0.99216 | 140
0.99216 | 140
0.99834 | 118
0.9901 | 147
0.98975 | 59
0.99573 | 192
0.99326 | 131
0.99215 | 66
0.98993 | 89
0.99218 | 68
0.99555 | 196
0.99564 | 98
0.99564 | 98
0.99397 | 128
0.99576 | 111
0.99601 | 173
0.99564 | 98
0.99397 | 128
0.98713 | 150
0.99308 | 107
0.99308 | 107
0.99582 | 182
0.99494 | 139
0.9929 | 108
0.99471 | 101
0.9929 | 109
0.9929 | 108
0.99037 | 79
0.99304 | 123
0.99026 | 86
0.98986 | 94
0.99471 | 101
0.98951 | 90
0.99634 | 114
0.99368 | 114
0.99792 | 94
0.99026 | 113
0.99362 | 128
0.98919 | 119
0.99835 | 118
0.99835 | 118
0.99038 | 148
0.99104 | 76
0.99038 | 148
0.99286 | 112
0.99296 | 128
0.99835 | 118
0.9954 | 110
0.9914 | 162
0.99286 | 124
0.99604 | 131
0.99604 | 131
0.99119 | 123
0.99007 | 113
0.99507 | 97
0.99596 | 213
0.99011 | 180
0.99184 | 28
0.99469 | 115
0.99469 | 115
0.99406 | 113
0.99305 | 103
0.99096 | 184
0.98956 | 178
0.9921 | 152
0.99496 | 130
0.99406 | 113
0.99406 | 113
0.9888 | 119
0.98942 | 111
0.99082 | 158
0.98802 | 112
0.99406 | 113
0.99469 | 115
0.99496 | 130
0.9921 | 152
0.99305 | 103
0.99074 | 111
0.98968 | 156
0.99096 | 184
0.98956 | 178
0.9887 | 173
0.99941 | 221
0.99388 | 218
0.99206 | 105
0.99035 | 93
0.99581 | 105
0.9976 | 67
0.99362 | 104
0.99581 | 105
0.99016 | 135
0.99176 | 121
0.99362 | 104
0.99439 | 46
0.99458 | 88
0.99418 | 133
0.9976 | 67
0.99581 | 105
0.99178 | 152
0.99456 | 118
0.99578 | 150
0.99546 | 138
0.99518 | 142
0.99518 | 142
0.99646 | 124
0.99264 | 92
0.99578 | 185
0.99604 | 156
0.99014 | 85
0.99489 | 189
0.99884 | 170
0.99054 | 104
0.99782 | 196
0.99519 | 130
0.99882 | 173
0.99884 | 170
0.9931 | 114
0.99666 | 144
0.99324 | 99
0.99086 | 112
0.9908 | 167
0.99067 | 132
0.99711 | 199
0.99452 | 272
0.99711 | 199
0.9945 | 175
0.99427 | 102
0.99152 | 73
0.98935 | 116
0.98876 | 55
0.99174 | 114
0.99572 | 208
0.99184 | 58
0.99454 | 176
0.99454 | 176
0.99164 | 110
0.99454 | 176
0.99778 | 183
0.9975 | 120
0.99778 | 183
0.99205 | 142
0.98962 | 111
0.99118 | 76
0.99164 | 110
0.99274 | 82
0.99184 | 163
0.99052 | 122
0.99546 | 141
0.98972 | 87
0.9942 | 115
0.99572 | 208
0.99022 | 91
0.99253 | 125
0.99184 | 58
0.99454 | 176
0.9903 | 102
0.98906 | 94
0.99146 | 78
0.9951 | 88
0.98906 | 94
0.995 | 201
0.98876 | 76
0.98956 | 89
0.99146 | 78
0.99592 | 183
0.99129 | 152
0.99064 | 118
0.99368 | 18
0.99368 | 18
0.99121 | 102
0.99104 | 133
0.99221 | 129
0.98924 | 111
0.99176 | 124
0.99432 | 84
0.99366 | 113
0.99064 | 118
0.99178 | 130
0.99126 | 159
0.99129 | 152
0.99252 | 169
0.99709 | 151
0.99513 | 203
0.99045 | 111
0.99 | 98
0.99305 | 129
0.99888 | 126
0.99182 | 117
0.99182 | 117
0.9913 | 89
0.99 | 98
0.98836 | 147
0.9897 | 21
0.99586 | 206
0.99305 | 129
0.98892 | 103
0.99156 | 86
0.99888 | 126
0.99534 | 150
0.99322 | 128
0.99296 | 98
0.99098 | 100
0.98972 | 122
0.98964 | 148
0.99918 | 198
0.99182 | 117
0.99008 | 121
0.992 | 114
0.99851 | 221
0.99026 | 103
0.9906 | 135
0.99293 | 115
0.99658 | 126
0.99851 | 221
0.9911 | 34
0.9904 | 140
0.99026 | 103
0.99946 | 130
0.99946 | 130
0.99946 | 130
0.99568 | 154
0.99946 | 130
0.99568 | 154
0.9907 | 88
0.99946 | 130
0.99018 | 294
0.98994 | 88
0.99075 | 109
0.99212 | 133
0.99684 | 124
0.99212 | 133
0.99036 | 114
0.99456 | 130
0.98865 | 80
0.99684 | 124
0.99212 | 133
0.99036 | 114
0.99222 | 198
0.99022 | 123
0.99076 | 133
0.99144 | 118
0.98961 | 82
0.9936 | 113
0.99126 | 147
0.99044 | 87
0.99123 | 116
0.99123 | 124
0.9916 | 125
0.9959 | 140
0.99044 | 87
0.9931 | 154
0.99422 | 98
0.99194 | 106
0.98926 | 90
0.99306 | 107
0.99164 | 131
0.98926 | 90
0.98988 | 76
0.99268 | 115
0.99373 | 70
0.98939 | 125
0.99318 | 123
0.99196 | 148
0.98952 | 114
0.9911 | 146
0.99306 | 107
0.99164 | 131
0.99111 | 89
0.99321 | 123
0.99326 | 127
0.99124 | 126
0.99326 | 127
0.99214 | 121
0.9897 | 145
0.99124 | 126
0.98915 | 97
0.99326 | 127
0.99692 | 177
0.991 | 156
0.9913 | 98
0.99234 | 126
0.99402 | 164
0.99678 | 142
0.99458 | 106
0.99452 | 154
0.99033 | 131
0.9927 | 158
0.99002 | 74
0.99057 | 54
0.99127 | 111
0.99458 | 106
0.9927 | 111
0.98938 | 92
0.99001 | 76
0.99386 | 74
0.9899 | 115
0.99452 | 154
0.9913 | 151
0.98916 | 86
0.99276 | 125
0.99586 | 192
0.99556 | 200
0.99158 | 119
0.99548 | 150
0.99206 | 107
0.99412 | 79
0.99364 | 93
0.99338 | 141
0.9913 | 151
0.99123 | 141
0.99216 | 147
0.99328 | 115
0.99031 | 99
0.9908 | 113
0.98871 | 113
0.99119 | 109
0.99031 | 99
0.99146 | 86
0.99328 | 115
0.99245 | 116
0.99116 | 139
0.9921 | 147
0.99216 | 147
0.99162 | 131
0.99632 | 173
0.99082 | 105
0.9905 | 100
0.99177 | 201
0.9986 | 193
0.9986 | 193
0.9986 | 193
0.9986 | 193
0.9986 | 193
0.9986 | 193
0.98923 | 101
1.00014 | 193
0.99026 | 92
0.99358 | 247
0.99688 | 157
0.99407 | 105
0.99226 | 154
0.99097 | 126
0.9976 | 214
0.99166 | 115
0.99184 | 91
0.99135 | 100
0.99074 | 118
0.99193 | 129
0.99226 | 99
0.99142 | 154
0.99091 | 125
0.9976 | 214
0.99134 | 140
0.99166 | 115
0.98964 | 127
0.99229 | 125
0.99396 | 168
0.99148 | 103
0.9913 | 121
0.99126 | 122
0.9913 | 121
0.99396 | 168
0.99562 | 196
0.99128 | 80
0.98896 | 73
0.99558 | 194
0.98961 | 84
0.99338 | 113
0.99558 | 194
0.99562 | 196
0.99572 | 184
0.99056 | 109
0.99146 | 105
0.99128 | 80
0.98896 | 73
0.99172 | 91
0.99012 | 93
0.98912 | 142
0.98902 | 96
0.98912 | 142
0.99395 | 208
0.99539 | 124
0.99129 | 96
0.98956 | 142
0.9916 | 152
0.98889 | 95
0.99012 | 64
0.99833 | 243
0.98853 | 74
0.98942 | 96
0.99266 | 105
0.98962 | 105
0.99168 | 148
0.9968 | 124
0.98934 | 80
0.98995 | 105
0.991 | 103
0.99152 | 117
0.99048 | 126
0.99204 | 178
0.99202 | 70
0.9906 | 122
0.99091 | 112
0.99472 | 176
0.99452 | 159
0.99177 | 151
0.9934 | 146
0.99082 | 87
0.99784 | 189
0.99784 | 189
0.99784 | 189
0.99665 | 41
0.99422 | 98
0.98999 | 125
0.99422 | 98
0.99254 | 104
0.99782 | 189
0.99784 | 189
0.9952 | 188
0.99519 | 185
0.99384 | 157
0.99665 | 41
0.99596 | 101
0.9935 | 132
0.98862 | 90
0.99151 | 81
0.9922 | 87
0.99426 | 132
0.99168 | 119
0.99556 | 136
0.99356 | 97
0.99151 | 81
0.9922 | 87
0.99072 | 72
0.99596 | 101
0.9935 | 132
0.98862 | 90
0.98954 | 67
0.99076 | 76
0.9889 | 111
0.98794 | 114
0.99207 | 161
0.99355 | 117
0.98794 | 114
0.9889 | 111
0.99336 | 139
0.98882 | 121
0.99341 | 135
0.997 | 132
0.99207 | 161
0.99174 | 189
0.99042 | 140
0.9984 | 221
0.99111 | 121
0.9933 | 125
0.99111 | 121
0.99316 | 156
0.9946 | 179
0.99 | 126
0.99042 | 140
0.9984 | 221
0.99016 | 80
0.99381 | 77
0.99144 | 112
0.99139 | 113
0.9919 | 91
0.99192 | 115
0.99576 | 188
0.9958 | 186
0.9951 | 138
0.99304 | 189
0.99657 | 183
0.99268 | 95
0.99392 | 143
0.99242 | 120
0.99392 | 143
0.9925 | 99
0.99092 | 94
0.99137 | 119
0.99268 | 95
0.99657 | 183
0.99642 | 192
0.9916 | 111
0.99458 | 148
0.99373 | 127
0.99586 | 157
0.99942 | 195
0.99458 | 148
0.9895 | 163
0.9963 | 214
0.9892 | 76
0.9963 | 214
0.9895 | 163
1.00196 | 145
0.99036 | 81
0.989 | 105
0.99947 | 156
0.9916 | 122
0.99945 | 156
0.99945 | 156
0.99375 | 162
0.9916 | 122
0.99947 | 156
0.99945 | 156
0.99946 | 158
0.99153 | 117
0.98834 | 86
0.99138 | 92
0.98928 | 83
0.99246 | 97
0.99576 | 113
0.99956 | 224
0.99576 | 113
0.99026 | 106
0.99174 | 111
0.99058 | 97
0.9905 | 106
0.99956 | 224
0.99192 | 128
0.99554 | 178
0.99536 | 98
0.99056 | 134
0.99192 | 128
0.99112 | 106
0.99112 | 106
0.99616 | 134
0.99266 | 89
0.98918 | 107
0.98926 | 86
0.99114 | 172
0.9912 | 145
0.98936 | 123
0.9983 | 143
0.99532 | 103
0.99189 | 179
0.99 | 111
0.98914 | 106
0.99537 | 171
0.99 | 108
0.99 | 111
0.99742 | 219
0.98884 | 93
0.9983 | 143
0.99189 | 179
0.99532 | 103
0.99284 | 131
0.99026 | 97
0.99297 | 191
0.99711 | 184
0.98934 | 86
0.9913 | 150
0.99711 | 184
0.98964 | 94
0.99026 | 97
0.992 | 131
0.98944 | 102
0.99031 | 88
0.98934 | 86
0.99393 | 113
0.9904 | 98
0.99297 | 191
0.99088 | 83
0.99254 | 81
0.9913 | 150
0.99158 | 111
0.99408 | 134
0.99408 | 134
0.99473 | 123
0.98998 | 102
0.99146 | 134
0.99742 | 164
0.99273 | 141
0.98922 | 124
0.99408 | 134
0.99473 | 123
0.99869 | 181
0.9896 | 93
0.99108 | 133
0.99134 | 118
0.99385 | 155
0.98936 | 115
0.99869 | 181
0.99606 | 179
0.99508 | 167
0.99038 | 90
0.99158 | 117
0.9932 | 63
0.99164 | 95
0.98987 | 87
0.98947 | 171
0.98819 | 102
0.99133 | 131
0.99143 | 132
0.99571 | 207
0.99139 | 152
0.99537 | 178
0.99571 | 207
0.99186 | 132
0.99186 | 132
0.98984 | 128
0.9963 | 146
0.99312 | 50
0.9897 | 134
0.9955 | 178
0.99528 | 179
0.99279 | 85
0.99704 | 136
0.9955 | 178
0.99528 | 179
0.9914 | 92
0.99224 | 105
0.99074 | 128
0.98892 | 80
0.98959 | 99
0.99212 | 123
0.99576 | 153
0.9919 | 159
0.9919 | 159
1.00037 | 237
0.99576 | 153
1.00037 | 237
0.992 | 142
0.9919 | 159
0.99218 | 116
0.99855 | 110
0.99855 | 110
0.99855 | 110
0.99062 | 87
0.99362 | 123
0.99324 | 112
0.99062 | 87
0.99855 | 110
0.99098 | 34
0.99036 | 78
0.99398 | 86
0.9903 | 162
0.99398 | 86
0.99036 | 78
0.99406 | 85
0.9906 | 112
0.99089 | 80
0.99096 | 93
0.99406 | 85
0.99089 | 80
0.9936 | 31
0.9906 | 112
0.9911 | 87
0.99396 | 119
0.99089 | 112
0.9968 | 161
0.99138 | 120
0.99098 | 124
0.99238 | 78
0.99244 | 143
0.99176 | 130
0.98993 | 76
0.9929 | 102
0.99238 | 78
0.98988 | 104
0.992 | 158
0.99784 | 114
0.99784 | 114
0.99784 | 114
0.99006 | 107
0.99211 | 186
0.99202 | 158
0.992 | 158
0.99332 | 107
0.98958 | 123
0.98939 | 108
0.99492 | 137
0.99043 | 169
0.99787 | 226
0.99654 | 88
0.99304 | 140
0.9952 | 137
0.99165 | 122
0.9892 | 69
0.99628 | 167
0.99604 | 151
0.99164 | 90
0.998 | 149
0.998 | 149
0.99628 | 167
0.99164 | 90
0.99226 | 114
0.998 | 149
0.99604 | 151
0.98914 | 95
0.99794 | 188
0.99048 | 117
0.99726 | 118
1.00295 | 122
0.99278 | 168
0.99726 | 118
0.98914 | 95
1.00295 | 122
0.99054 | 93
0.99794 | 188
0.99048 | 117
0.99459 | 183
0.99459 | 181
0.9946 | 172
0.99362 | 124
0.99362 | 124
0.99966 | 125
0.99362 | 124
0.99442 | 156
0.98918 | 96
0.99089 | 66
0.99474 | 127
0.99008 | 89
0.99348 | 99
0.99283 | 130
0.99398 | 152
0.99398 | 152
0.99283 | 130
0.9908 | 133
0.99165 | 139
0.99076 | 73
0.98942 | 95
0.99244 | 138
0.99058 | 126
0.99255 | 122
0.99916 | 190
0.99306 | 109
0.99916 | 190
0.99498 | 109
0.99 | 130
0.99338 | 191
0.99456 | 128
0.9926 | 149
0.98856 | 128
0.98946 | 115
0.99346 | 152
0.99268 | 76
0.98944 | 145
0.98976 | 155
0.98856 | 128
0.99523 | 152
0.98946 | 115
0.99402 | 82
0.98916 | 102
0.99655 | 155
0.99071 | 95
0.98889 | 74
0.98742 | 93
0.99336 | 112
0.992 | 166
0.98742 | 93
0.99275 | 169
1.00044 | 111
0.99444 | 105
0.99742 | 183
0.99228 | 122
0.99058 | 122
0.99742 | 183
0.99164 | 122
0.99742 | 183
0.99438 | 177
0.99402 | 98
0.99128 | 186
0.99228 | 122
0.991 | 150
0.9931 | 112
0.99444 | 105
0.99164 | 122
1.00044 | 111
0.99112 | 146
0.99058 | 122
0.99742 | 182
0.98961 | 96
0.99438 | 177
0.99344 | 145
0.99904 | 139
0.99884 | 180
0.99884 | 180
0.99884 | 180
0.99884 | 180
0.98949 | 79
0.99014 | 114
0.99786 | 183
0.99206 | 141
0.98722 | 9
0.99884 | 180
0.99666 | 159
0.99754 | 190
0.99272 | 95
0.99712 | 196
0.99104 | 182
0.99373 | 119
0.99904 | 139
0.9956 | 200
0.99095 | 152
0.99382 | 138
0.99382 | 134
0.99299 | 150
0.99048 | 122
0.99254 | 121
0.9902 | 111
0.99299 | 150
0.99012 | 75
0.99293 | 126
1.00022 | 184
0.99382 | 166
0.99293 | 126
0.98954 | 116
0.99936 | 125
0.9884 | 74
0.99144 | 88
0.99324 | 120
0.99174 | 135
0.99792 | 149
0.99792 | 149
0.99792 | 149
0.99792 | 149
0.99792 | 149
0.99792 | 149
0.99792 | 149
0.99043 | 121
0.99654 | 194
0.99758 | 134
0.99374 | 143
0.99792 | 149
0.99243 | 108
0.99216 | 184
0.99215 | 183
0.98953 | 130
0.99278 | 124
0.99243 | 108
0.99216 | 184
0.99215 | 183
0.99278 | 124
0.99186 | 101
0.99072 | 98
0.99244 | 40
0.99084 | 80
0.98953 | 130
0.99754 | 186
0.99754 | 186
0.99754 | 186
0.99567 | 134
0.99754 | 186
0.99094 | 143
0.99532 | 125
0.99567 | 134
0.9874 | 100
0.99794 | 248
0.99122 | 103
0.99226 | 135
0.99122 | 103
0.99099 | 100
0.99134 | 97
0.99794 | 248
0.99338 | 113
0.9938 | 96
0.9955 | 196
0.99776 | 140
0.98964 | 100
0.99808 | 182
0.99551 | 201
0.99548 | 202
0.99541 | 191
0.9955 | 196
0.99536 | 197
0.99524 | 133
0.9961 | 170
0.99224 | 113
0.99776 | 140
0.99702 | 95
0.99657 | 91
0.99176 | 138
0.99166 | 177
0.99242 | 49
0.99109 | 57
0.99176 | 138
0.99278 | 111
0.99242 | 49
0.99109 | 57
0.99657 | 91
0.99358 | 113
0.99358 | 109
0.99278 | 111
0.99705 | 162
0.9912 | 156
0.99176 | 138
0.99166 | 177
0.99677 | 149
0.99172 | 106
0.9953 | 131
0.99186 | 131
0.99188 | 120
0.99188 | 120
0.99158 | 132
0.99522 | 139
0.99176 | 204
0.99558 | 197
0.9911 | 104
0.99016 | 88
0.99188 | 120
0.98956 | 99
0.99186 | 131
0.99062 | 100
0.99274 | 111
0.993 | 130
0.993 | 130
0.9978 | 110
0.9946 | 142
0.99429 | 113
0.99002 | 103
0.99002 | 103
0.9946 | 142
0.99429 | 113
0.9909 | 84
0.99294 | 191
0.99044 | 109
0.98958 | 100
0.9909 | 84
0.9986 | 176
0.99262 | 109
0.9986 | 176
0.99212 | 90
0.99628 | 87
0.99262 | 109
0.98913 | 123
0.99021 | 93
0.99198 | 120
0.99226 | 110
0.99159 | 137
0.99021 | 93
0.99224 | 104
0.99068 | 136
0.99587 | 207
0.99587 | 207
0.99728 | 152
0.99364 | 175
0.99364 | 175
0.99018 | 98
0.98968 | 101
0.99178 | 113
0.99587 | 207
0.9961 | 177
0.99728 | 152
0.99534 | 134
0.99364 | 175
0.99864 | 193
0.99776 | 181
0.99545 | 194
0.99299 | 98
0.99665 | 135
0.99069 | 98
0.99692 | 170
0.99324 | 65
0.99896 | 111
0.99896 | 111
0.99226 | 129
0.99226 | 143
0.99896 | 111
0.99076 | 63
0.99226 | 143
0.99076 | 63
0.99896 | 111
0.9951 | 127
0.99234 | 98
0.99226 | 129
0.99368 | 127
0.9937 | 63
0.99151 | 134
0.99021 | 76
0.99479 | 179
0.9954 | 172
0.99176 | 110
0.99368 | 127
0.9937 | 63
0.99246 | 10
0.9908 | 65
0.98994 | 69
0.98746 | 106
0.99028 | 88
0.99028 | 88
0.98867 | 83
0.99174 | 138
0.99174 | 138
0.99021 | 139
0.99304 | 109
0.99028 | 88
0.99154 | 105
0.99174 | 138
0.98746 | 106
0.99021 | 139
0.9956 | 206
0.98779 | 113
0.98836 | 107
0.99138 | 132
0.99751 | 173
0.98867 | 83
0.99249 | 109
0.99249 | 109
0.99239 | 95
0.99512 | 91
0.99098 | 106
0.99872 | 173
0.99872 | 173
0.98894 | 101
0.988245 | 106
0.99326 | 116
0.99328 | 67
0.99222 | 84
0.99898 | 184
0.99486 | 108
0.99528 | 151
0.99062 | 92
0.99282 | 159
0.996 | 148
0.99138 | 143
0.99166 | 106
0.99408 | 113
0.99281 | 161
0.99282 | 159
0.98964 | 127
0.98952 | 142
0.99469 | 105
0.996 | 148
0.99138 | 143
0.9991 | 161
0.99047 | 90
0.99178 | 122
0.9991 | 161
0.99047 | 90
0.99207 | 145
0.99152 | 87
0.99438 | 110
0.99438 | 110
0.99622 | 159
0.99773 | 170
0.99088 | 118
0.99108 | 116
0.99803 | 176.5
0.99304 | 102
0.99438 | 110
0.99548 | 200
0.99551 | 192
0.99152 | 125
0.99572 | 143
0.99152 | 125
0.99244 | 98
0.99548 | 200
0.99551 | 192
0.9903 | 134
0.99162 | 124
0.99116 | 117
0.9922 | 192
0.99223 | 193
0.99481 | 135
0.9928 | 157
0.9903 | 134
0.99429 | 101
0.99162 | 124
0.99454 | 104
0.99454 | 104
0.99863 | 223
0.991 | 129
0.99454 | 104
0.99863 | 223
0.99317 | 104
0.99173 | 76
0.99455 | 111
0.99455 | 111
0.99186 | 127
0.99455 | 111
0.98944 | 144
0.9942 | 120
0.9942 | 120
0.9942 | 120
0.99238 | 122
0.99782 | 94
0.99111 | 117
0.99067 | 112
0.99111 | 117
0.98878 | 51
0.99238 | 122
0.99782 | 94
0.9938 | 152
0.99143 | 122
0.98944 | 144
0.9942 | 120
0.99588 | 171
1.00038 | 183
0.99424 | 97
0.99626 | 151
0.99076 | 115
1.00038 | 183
0.99424 | 97
0.99536 | 91
0.99318 | 100
0.99626 | 151
0.99726 | 151
0.99126 | 147
0.98998 | 94
0.99726 | 151
0.99304 | 176
0.9892 | 81
0.99296 | 139
0.99047 | 105
0.9924 | 120
0.9989 | 116
0.99338 | 125
0.9989 | 116
0.99404 | 172
0.99287 | 177
0.99286 | 176
0.9924 | 120
0.99058 | 109
0.9934 | 185
0.99545 | 149
0.9984 | 135
0.9984 | 135
0.9984 | 135
0.9984 | 135
0.99971 | 154
0.99546 | 118
0.99546 | 118
0.99058 | 98
0.9984 | 135
0.99314 | 97
0.99545 | 149
0.9984 | 135
0.99971 | 154
0.99314 | 97
0.99565 | 131
0.99056 | 110
0.99546 | 118
0.99058 | 98
0.99362 | 70
0.99362 | 70
0.99196 | 119
0.99255 | 130
0.99027 | 85
0.99302 | 110
0.99257 | 160
0.99506 | 166
0.99257 | 160
0.9952 | 133
0.99498 | 162
0.9903 | 76
0.99706 | 163
0.99398 | 107
0.99588 | 82
0.99691 | 120
0.99608 | 134
0.99142 | 108
0.99138 | 110
0.99432 | 91
0.99592 | 116
0.99691 | 106
0.99432 | 142
0.99266 | 185
0.99456 | 96
0.9915 | 73
0.99322 | 93
0.9927 | 101
0.99173 | 79
0.99412 | 127
0.99666 | 179
0.99425 | 82
0.99314 | 112
0.99672 | 103
0.99024 | 98
0.99672 | 103
0.99366 | 136
0.99425 | 82
0.99299 | 140
0.99314 | 112
0.99528 | 99
0.99568 | 166
0.99568 | 166
0.99062 | 86
0.99058 | 80
0.99059 | 122
0.99119 | 141
0.99727 | 150
0.99021 | 105
0.99238 | 153
0.99164 | 193
0.99006 | 75
0.99078 | 95
0.99036 | 92
0.99123 | 107
0.98978 | 94
0.99908 | 158
0.99908 | 158
0.99022 | 143
0.99024 | 147
0.9973 | 122
0.99853 | 151
0.99769 | 171
0.98954 | 75
0.98974 | 72
0.99382 | 147
0.99383 | 147
0.99538 | 215
0.99734 | 227
0.98981 | 68
0.99095 | 130
0.9964 | 206
0.9964 | 206
0.99411 | 120
0.9915 | 89
0.99234 | 132
0.99016 | 128
0.9964 | 206
0.98949 | 72
0.99287 | 143
0.99544 | 149
0.99544 | 149
0.9941 | 136
0.994 | 131
0.99544 | 149
0.99546 | 160
0.99737 | 115.5
0.99287 | 143
0.99767 | 120
0.98711 | 76
0.99714 | 194
0.99134 | 193
0.99767 | 120
0.9927 | 187
0.9948 | 186
0.9927 | 187
0.99481 | 186
0.99825 | 168
0.99825 | 168
0.99825 | 168
0.99825 | 168
0.99825 | 168
0.99825 | 168
0.99192 | 120
0.99184 | 119
0.99019 | 83
0.98998 | 158
0.98886 | 118
0.98998 | 104
0.98949 | 123
0.99825 | 168
0.99009 | 101
0.99252 | 169
0.99288 | 99
0.99659 | 179
0.99133 | 157
0.99324 | 161
0.99164 | 113
0.99107 | 133
0.9986 | 198
0.99708 | 123
0.99163 | 68
0.99605 | 170
0.99065 | 82
0.9903 | 81
0.9986 | 198
0.99236 | 72
0.98948 | 108
0.99045 | 119
0.9939 | 105
0.98985 | 63
0.99138 | 140
0.99348 | 100
0.99066 | 100
0.99348 | 100
0.98862 | 87
0.98865 | 68
0.99472 | 149
0.99792 | 139
0.99066 | 100
0.99035 | 101
0.99086 | 85
0.99013 | 113
0.99266 | 183
0.99517 | 139
0.99086 | 85
0.99666 | 144
0.991 | 107
0.99068 | 89
0.99084 | 102
0.9939 | 134
0.99624 | 193
0.99602 | 164
0.9926 | 69
0.99718 | 210
0.99718 | 210
0.99718 | 210
0.99344 | 113
0.99184 | 180
0.99718 | 210
0.99033 | 92
0.99248 | 129
0.99344 | 113
0.99076 | 51
0.99092 | 87
0.99486 | 187
0.99464 | 171
0.99235 | 93
0.99612 | 201
0.99202 | 133
0.99261 | 122
0.98964 | 89
0.99206 | 92
0.9938 | 118
0.99204 | 120
0.99736 | 116
0.99736 | 116
0.99192 | 80
0.99736 | 116
0.99002 | 90
0.996 | 130
0.99237 | 140
0.99214 | 144
0.99041 | 72
0.9982 | 116
0.99822 | 116
0.9893 | 95
0.99274 | 124
0.99105 | 114
0.99209 | 161
0.99676 | 95
0.99251 | 91
0.99676 | 95
0.99082 | 74
0.99567 | 115
0.99416 | 119
0.99416 | 119
0.9887 | 121
0.98871 | 121
0.99248 | 114
0.99184 | 145
0.98952 | 120
0.99267 | 169
0.99269 | 164
0.98912 | 99
0.99184 | 145
0.98952 | 120
0.9895 | 117
0.98999 | 146
0.9981 | 192
0.995 | 174
0.99848 | 201
0.99862 | 113
0.99862 | 113
0.99862 | 113
0.99862 | 113
0.98886 | 117
0.99474 | 183
0.99126 | 47
0.99691 | 129
0.99862 | 113
0.99773 | 124
0.99773 | 124
0.9928 | 93
0.9928 | 93
0.9928 | 93
0.9928 | 93
0.99288 | 117
0.99202 | 76
0.99606 | 112
0.99773 | 124
0.99922 | 183
0.99296 | 119
0.99922 | 183
0.99468 | 121
0.99922 | 183
0.99296 | 119
0.99388 | 103
0.99315 | 111
0.99478 | 154
0.99478 | 156
0.99692 | 155
0.99616 | 204
0.9902 | 114
0.9921 | 115
0.99462 | 113
0.99476 | 133
0.99178 | 116
0.99081 | 87
0.99198 | 121
0.99545 | 140
0.98997 | 103
0.9902 | 114
0.99089 | 86
0.99172 | 117
0.9901 | 115
0.99681 | 94
0.9893 | 138
0.99172 | 117
0.9901 | 115
0.99527 | 191
0.99445 | 150
0.99198 | 121
0.99085 | 129
0.99033 | 100
0.99538 | 182
0.99627 | 168
0.99538 | 182
0.99433 | 145
0.9954 | 181
0.99538 | 182
0.99627 | 168
0.99807 | 155
0.99807 | 155
0.99807 | 155
0.99807 | 155
0.99807 | 155
0.99807 | 155
0.99807 | 155
0.99232 | 96
0.99807 | 155
0.99788 | 139
0.99108 | 141
0.99234 | 109
0.99288 | 106
0.99195 | 107
0.99288 | 106
0.99121 | 148
0.99839 | 148
0.99738 | 187
0.98963 | 73
0.98946 | 137
0.99178 | 148
0.99136 | 166
0.99323 | 169
0.98946 | 137
0.99313 | 178
0.9912 | 194
0.99504 | 179
0.99461 | 203
0.99178 | 148
0.99008 | 110
0.98959 | 123
0.99663 | 136
0.99334 | 119
0.99561 | 133
0.98959 | 117
0.99663 | 136
0.99418 | 109
0.99334 | 119
0.9937 | 115
0.99372 | 92
0.99157 | 112
0.98918 | 98
0.9932 | 171
0.99235 | 186
0.99373 | 133
0.9914 | 76
0.99494 | 126
0.99373 | 133
0.99332 | 143
0.99198 | 151
0.99142 | 110
0.9914 | 76
0.99542 | 182
0.99542 | 182
0.9924 | 170
0.99112 | 97
0.99534 | 100
0.99338 | 111
0.99804 | 167
0.99899 | 203
0.99804 | 167
0.99724 | 139
0.99526 | 143
0.99676 | 146
0.99699 | 173
0.99699 | 173
0.99699 | 173
0.99676 | 146
0.99699 | 173
0.99461 | 137
0.99116 | 176
0.99362 | 187
0.99512 | 197
0.99512 | 197
0.9895 | 140
0.99043 | 80
0.99512 | 197
0.9895 | 140
0.99391 | 182
0.98963 | 86
0.99335 | 114
0.98963 | 86
0.99335 | 114
0.99824 | 141
0.99391 | 182
0.9917 | 125
0.99906 | 118
0.99906 | 118
0.99906 | 118
0.99906 | 118
0.9917 | 125
0.9917 | 125
0.99906 | 118
0.99415 | 122
0.99418 | 123
0.99611 | 205
0.99124 | 166
0.99179 | 162
0.99886 | 134
0.98924 | 67
0.99045 | 94
0.9969 | 193
0.99196 | 161
0.99339 | 166
0.99224 | 92
0.99339 | 166
0.99184 | 131
0.99428 | 125
0.99834 | 146
0.98918 | 111
0.99834 | 146
0.99428 | 125
0.99241 | 116
0.99241 | 116
0.98816 | 111
0.98916 | 101
0.99329 | 122
0.99535 | 150
0.99552 | 136
0.99514 | 184
0.99304 | 173
0.98916 | 101
0.9984 | 149
0.99911 | 174
0.99911 | 174
0.99911 | 174
0.98952 | 129
0.99403 | 120
0.9984 | 149
0.99312 | 157
0.98968 | 109
0.98946 | 114
0.9981 | 141
0.9981 | 141
0.99306 | 149
0.99378 | 158
0.99036 | 95
0.99094 | 100
0.9908 | 90
0.9899 | 78
0.99173 | 83
0.99356 | 140
0.99571 | 125
0.98945 | 110
0.98865 | 104
0.99514 | 180
0.99514 | 180
0.9943 | 126
0.99636 | 122
0.99514 | 180
0.98987 | 155
0.99288 | 108
0.9943 | 126
0.99064 | 74
0.99394 | 68
0.99175 | 87
0.98926 | 122
0.98926 | 122
0.99057 | 116
0.98898 | 95
0.9932 | 50
0.9972 | 165
0.9902 | 84
0.9988 | 194
0.9902 | 84
0.9958 | 150
0.9935 | 106
0.9925 | 103
0.992 | 175
0.9986 | 182
0.9914 | 156
0.9909 | 104
0.9943 | 138
0.994 | 162
0.9904 | 100
0.99 | 73
0.9902 | 129
0.9925 | 100
0.9886 | 147
0.9898 | 110
0.9898 | 110
0.9904 | 97
0.9964 | 259
0.9908 | 118
0.9899 | 70
0.993 | 82
0.9944 | 40
0.9956 | 183
0.9949 | 230
0.9929 | 191
0.9944 | 40
0.9975 | 149
0.995 | 137
0.9956 | 183
0.9946 | 206
0.993 | 82
0.9934 | 101
0.9984 | 164.5
0.9984 | 162.5
0.9984 | 162.5
0.9908 | 121
0.9963 | 124
0.98914 | 105
0.9984 | 156
0.9984 | 152
0.9937 | 94
0.993 | 134
0.9956 | 60
0.98963 | 105
0.98961 | 111
0.9948 | 76
0.9948 | 76
0.98963 | 105
0.989315 | 101
0.989435 | 95
0.9899 | 47
0.998275 | 183
0.9948 | 76
0.9914 | 101
0.9915 | 113
0.9924 | 104
0.98963 | 105
0.98961 | 111
0.997 | 97
0.9914 | 138
0.997 | 210
0.9944 | 130
0.9958 | 110
0.98889 | 107
0.989465 | 72
0.9954 | 131
0.9947 | 119
0.9912 | 113
0.9965 | 159
0.9948 | 171
0.9965 | 159
0.9925 | 135
0.9936 | 126
0.9898 | 83
0.98948 | 101
0.98823 | 97
0.9896 | 99
0.9908 | 102
0.9906 | 133
0.9904 | 56
0.99754 | 96
0.9898 | 98
0.998365 | 125
0.99837 | 112
0.99125 | 138
0.9943 | 146
0.99488 | 150
0.99034 | 110
0.99322 | 158
0.98895 | 132
0.99457 | 108
0.99304 | 137
0.98895 | 132
0.99331 | 168
0.99435 | 251
0.99122 | 165
0.99544 | 113
0.989 | 129
0.99414 | 124
0.99014 | 114
0.99551 | 75
0.99544 | 113
0.9908 | 75
0.9927 | 116
0.99244 | 116
0.99752 | 139
0.99114 | 124
0.99326 | 146
0.9906 | 93
0.993 | 112
0.99479 | 177
0.98942 | 73
0.99036 | 50
0.99201 | 73
0.99184 | 77
0.99441 | 146
0.99442 | 145
0.99474 | 166
0.9916 | 132
0.99198 | 99
0.98949 | 129
0.9916 | 132
0.99556 | 196
0.99151 | 119
0.99158 | 95
0.9902 | 131
0.99204 | 125
0.98988 | 91
0.99344 | 158
0.99394 | 199
0.99153 | 99
0.99153 | 99
0.98981 | 73
0.99524 | 127
0.99221 | 102
0.99394 | 199
0.99318 | 188
0.99366 | 136
0.99494 | 120
0.99212 | 177
0.99018 | 118
0.99212 | 177
0.99596 | 195
0.99018 | 118
0.99094 | 126
0.98968 | 98
0.99392 | 197
0.99024 | 122
0.98774 | 158
0.99094 | 88
0.99044 | 101
0.9938 | 240
0.99432 | 84
0.99432 | 84
0.98966 | 113
0.99309 | 210
0.98868 | 73
0.9937 | 149
0.9937 | 149
0.9937 | 149
0.9937 | 149
0.98975 | 132
0.98984 | 85
0.99063 | 79
0.99168 | 150
0.99272 | 111
0.99362 | 111
0.99365 | 114
0.99272 | 111
0.99642 | 221
0.99365 | 114
0.99362 | 111
0.99134 | 117
0.99732 | 137
0.99212 | 168
0.99212 | 168
0.99161 | 104
0.9912 | 151
0.99332 | 140
0.99636 | 128
0.99161 | 104
0.99732 | 137
0.99212 | 168
0.99271 | 133
0.98845 | 49
0.9899 | 66
0.99004 | 120
0.99097 | 184
0.9966 | 114
0.99271 | 133
0.99666 | 156
0.99666 | 156
0.99666 | 156
0.99666 | 156
0.99954 | 167
0.99414 | 173
0.99666 | 156
0.99954 | 167
0.99188 | 113
0.98926 | 84
0.99188 | 113
0.99334 | 121
0.99659 | 168
0.99659 | 168
0.9948 | 144
0.9948 | 144
0.99074 | 83
0.9955 | 202
0.99474 | 111
0.98966 | 111
0.99564 | 115
0.99246 | 109
0.98984 | 142
0.99031 | 108
0.99564 | 115
0.99474 | 111
0.99216 | 98
0.98966 | 111
0.99512 | 81
0.9909 | 69
0.99132 | 130
0.99378 | 134
0.99512 | 81
0.99044 | 93
0.99521 | 98
0.99489 | 132
0.99495 | 180
0.99521 | 98
0.9954 | 116
0.99121 | 96
0.99489 | 132
0.99478 | 122
0.99346 | 65
0.99331 | 106
0.99321 | 140
0.99321 | 140
0.99218 | 123
0.9898 | 68
0.99144 | 61
0.99143 | 61
0.99234 | 134
0.98972 | 118
0.9898 | 68
0.99308 | 189
0.99218 | 137
0.99215 | 133
0.99185 | 148
0.99438 | 101
0.99314 | 440
0.99542 | 132
0.99428 | 93
0.99943 | 184
0.99946 | 182
0.99185 | 148
0.99472 | 185
0.9891 | 78
0.99076 | 100
0.99632 | 106
0.99 | 92
0.98872 | 111
0.98872 | 111
0.99102 | 140
0.99388 | 128
0.99388 | 128
0.99602 | 116
0.99057 | 78
0.99072 | 130
0.99224 | 116
0.98942 | 96
0.99171 | 138
0.99352 | 181
0.99705 | 160
0.99705 | 160
0.99705 | 160
0.99705 | 160
0.99654 | 223
0.98953 | 61
0.99132 | 132
0.99204 | 124
0.99185 | 130
0.98952 | 102
0.99704 | 106
0.99032 | 95
0.99382 | 138
0.99382 | 142
0.9974 | 127
0.9974 | 127
0.99546 | 161
0.99088 | 76
0.98904 | 127
0.989 | 118
0.99546 | 161
0.98758 | 118
0.9901 | 128
0.9974 | 127
0.98981 | 134
0.9952 | 159
0.99519 | 159
0.99142 | 140
0.99142 | 140
0.9897 | 93
0.99684 | 115
0.99445 | 111
0.99051 | 126
0.99142 | 140
0.98986 | 125
0.99189 | 111
0.98934 | 65
0.99449 | 99
0.99566 | 131
0.99252 | 104
0.9959 | 100
0.9924 | 150
0.99482 | 147
0.99103 | 71
0.98946 | 113
0.99212 | 178
0.99052 | 113
0.99026 | 120
0.99516 | 136
0.99128 | 122
0.9891 | 82
0.99052 | 113
0.99212 | 178
0.99176 | 131
0.99162 | 165
0.99193 | 130
0.9967 | 140
0.99462 | 134
0.99462 | 134
0.99058 | 86
0.9967 | 140
0.99258 | 90
0.99138 | 140
0.99271 | 140
0.9917 | 141
0.99126 | 97
0.98986 | 95
0.99154 | 102
0.99642 | 92
0.99154 | 216
0.99313 | 114
0.99125 | 44
0.99318 | 128
0.99099 | 175
0.99004 | 92
0.99093 | 182
0.98924 | 180
0.99336 | 93
0.98944 | 150
0.99022 | 97
0.99146 | 161
0.99488 | 164
0.99146 | 161
0.99488 | 164
0.99176 | 113
0.99001 | 77
0.99005 | 79
0.99755 | 172
0.99755 | 172
0.99444 | 116
0.99502 | 177
0.99222 | 118
0.99224 | 119
0.99067 | 102
0.99069 | 86
0.98936 | 92
0.99266 | 148
0.98822 | 95
0.99138 | 112
0.98854 | 60
0.99324 | 124
0.99626 | 81
0.99188 | 132
0.9897 | 98
0.99622 | 179
0.99044 | 122
0.99282 | 125
0.99245 | 97
0.99132 | 117
0.99286 | 82
0.99234 | 81
0.99494 | 170
0.99494 | 170
0.9954 | 118
0.99184 | 156
0.98964 | 148
0.99492 | 174
0.99494 | 170
0.99168 | 121
0.98928 | 56
0.9933 | 127
0.9954 | 118
0.98938 | 100
0.99074 | 121
0.99298 | 112
0.99114 | 92
0.9949 | 168
0.99254 | 111
0.98869 | 110
0.98941 | 98
